0.000000000000000000e+00,5.681527825121487041e+01,1.915069708974290075e+00,1.990300147292242983e+01,1.012866029355878189e-01,2.896428249011566147e-01,8.923372191177201262e-01,1.121636315454162425e+00,3.672114498208194709e+04,9.223783959517995827e+05,5.142798398409609945e+03,6.463912896051685841e+00,2.712443366693825464e+00,3.812445567836008564e+01,1.002790500303385318e-01,7.924566484894390861e-01,2.479990833871709821e+00,2.604388360045918560e+00,1.623577453041391345e+04,8.427803875085479813e+05,3.092666616450604124e+03,6.469449417707036964e+00
1.010101010101010083e-01,5.606842222495463091e+01,2.603099013507092163e+00,1.932829287524078765e+01,1.476391336801747278e-01,4.236000612164358414e-01,1.129728562294457062e+00,1.995401167566005274e+00,5.026473877931602183e+05,5.176116725242788380e+04,5.463174188138693353e+03,4.174767536769278919e+00,2.605932380461944753e+00,4.897036647075390192e+01,1.469928030275826081e-01,4.246897522259925895e-01,2.376262941702460108e+00,2.694701359670371055e+00,8.652174558156636776e+05,9.029725049837984843e+05,3.812033699489208175e+03,4.215167346491139000e+00
2.020202020202020166e-01,5.487865575492328674e+01,1.519200255839455060e+00,4.764665287297360408e+01,9.849715495423040645e-02,5.834739552598179335e-01,8.295436764872522462e-01,1.073198105986532092e+00,6.013908801451574545e+05,2.430060642767393147e+05,7.922176101764314808e+03,2.837710497434479784e+00,2.525095682005824571e+00,3.231733499808034082e+01,9.751742095313256642e-02,5.853216784121013649e-01,3.714798481444315570e+00,4.191779565649598638e+00,8.144922399304264691e+05,6.637604780257384991e+05,7.916141170391772903e+03,4.555272048608701496e+00
3.030303030303030387e-01,5.986153013387697541e+01,1.924364670528963650e+00,4.279529190178669751e+01,1.530239082757622604e-01,5.416946392552182132e-01,1.148311949168445922e+00,1.794497470035145037e+00,3.671947547918737837e+04,9.203739862848393386e+05,5.138263008717970479e+03,6.681540300752956796e+00,1.927550450129326798e+00,2.480883640769387455e+01,6.139755101328327191e-02,3.232950701172851438e-01,2.440765804895060231e+00,2.358200829311150493e+00,1.626067852917342498e+04,8.428010743245629128e+05,3.105689014283524557e+03,6.692354674199567199e+00
4.040404040404040331e-01,5.695459537485942292e+01,2.707605908358904578e+00,1.617323008508001436e+01,1.220616362829915202e-01,2.583630595907071559e-01,9.951058709136922920e-01,1.318573236518737035e+00,5.006795061430810601e+05,3.792599977324032225e+05,7.411375006376380043e+03,4.484124833148442235e+00,3.358061471090082239e+00,2.158029235328494977e+01,1.215077103586287011e-01,2.571503772058260084e-01,2.215495338100907485e+00,2.454880485670350776e+00,9.275778987212928769e+04,7.666905187973488355e+05,6.693298946386082662e+02,4.439507770164292211e+00
5.050505050505050830e-01,6.405001041837284959e+01,2.318863144831309064e+00,1.964755972473390244e+01,1.254078566804203987e-01,5.257120000601909204e-01,1.136550660296118398e+00,2.039763360606425824e+00,3.897125277878469788e+05,4.871839338088952354e+05,7.304819652056665291e+03,6.011847815910115855e+00,3.834704221031025373e+00,2.415973648138787055e+01,1.266671658201501127e-01,5.222341957626767117e-01,3.623409389554043791e+00,4.301167207402494697e+00,1.638862978687235736e+05,4.817229148204782396e+05,9.496301720210558415e+03,5.157091705440663532e+00
6.060606060606060774e-01,6.070093458575893663e+01,2.436650393787296309e+00,1.646822987832948115e+01,1.153927754823005775e-01,3.803140047332771445e-01,1.074939444205414762e+00,1.999091362832817742e+00,9.206116004223240307e+05,6.597436434044968337e+05,4.323731657412704408e+03,5.487421434828366529e+00,2.184576569115084244e+00,4.622102147435496278e+01,1.142455231247764685e-01,3.810244761859313267e-01,3.442344342976656257e+00,3.813236544193357780e+00,6.075573346700520488e+05,4.424640453352121986e+05,1.840600370346933460e+03,3.761697083588570134e+00
7.070707070707070718e-01,5.783103201007008209e+01,3.102118834914980638e+00,1.484390170249966090e+01,1.012444962540908489e-01,5.391437267476975048e-01,8.923852791769819603e-01,1.153807500005378017e+00,3.725797599873988074e+05,3.501938157908473513e+05,2.858721287784651850e+03,4.526107418492046897e+00,3.383155532092843476e+00,2.004657501167166700e+01,1.005602695728186197e-01,5.699828622917074705e-01,2.382888588517397821e+00,2.376184815282468499e+00,1.856849317263244884e+05,1.640925083393485984e+05,5.510207537180527652e+03,4.481071626245074491e+00
8.080808080808080662e-01,6.446649834560562908e+01,1.872031805467218257e+00,4.084141479765857952e+01,1.627903229414731645e-01,4.921906972295034821e-01,1.057046287416455677e+00,1.652889743458219263e+00,5.584992933580050012e+05,2.490247555188032857e+05,9.647700580258248010e+03,3.678843747547162035e+00,1.890845984390302270e+00,4.557196634748227382e+01,8.265542640624994053e-02,4.482745584983780507e-01,2.563049098724617281e+00,2.111782408355687313e+00,3.933754992348666419e+05,1.047773242348349158e+05,7.853034987286513569e+03,3.657151971109586786e+00
9.090909090909090606e-01,5.947650810296228485e+01,3.669701074400435026e+00,1.610724572592049597e+01,9.366291466309469016e-02,7.879933729544720267e-01,9.478482145654693047e-01,1.411873999217240438e+00,3.254203873955071322e+05,8.735087996797743253e+05,9.615903830498602474e+03,5.895191123763890317e+00,4.326645415733369582e+00,1.944495040726494750e+01,9.328544089636452152e-02,7.842310313269678090e-01,2.428210969935808983e+00,2.944150002325039761e+00,5.036093499705894501e+05,8.074878016887132544e+05,5.580749642259599568e+03,4.825079819672739134e+00
1.010101010101010166e+00,5.735561931251984191e+01,3.224393786783294580e+00,1.232418715098276962e+01,7.611202636786927600e-02,3.755703231286754984e-01,8.861936345242820146e-01,1.135667786831327852e+00,5.339994406541626668e+05,9.422636283642282942e+05,3.008274905214820592e+03,4.874704804086458232e+00,2.769241260751334810e+00,2.542119884767698679e+01,8.653557230634909003e-02,5.100237961008909915e-01,4.072472137503368117e+00,4.846473691363341274e+00,3.622483430093254428e+05,9.387802364683569176e+05,4.655188743810406777e+03,4.830962424524710919e+00
1.111111111111111160e+00,5.994568169582503003e+01,2.261804296064942488e+00,2.199404511023208286e+01,8.634556204036393512e-02,6.641629532550720194e-01,1.158674147117499720e+00,1.953360204682932144e+00,3.688324155756612163e+04,8.901910495637796121e+05,7.953251308937065005e+03,5.086287977133651772e+00,3.212537799328888166e+00,2.141799202194158980e+01,8.651254008438126475e-02,6.640385422450103547e-01,2.141804552268903095e+00,2.198830631528012614e+00,1.281840086657823122e+05,2.595454732236328127e+05,7.100424280212192571e+03,5.035678518303459583e+00
1.212121212121212155e+00,5.879514669601243781e+01,2.404996535418713055e+00,1.338534713833397483e+01,6.365403242121392413e-02,3.073253773426584123e-01,9.460544472254023285e-01,1.578514432365272446e+00,1.172487293384918157e+05,1.929196038298224448e+05,6.915343272113999774e+03,5.760520908485494473e+00,3.019232901330503704e+00,1.793256415796732028e+01,6.421506244317420897e-02,3.095568861087931722e-01,3.206207385017501466e+00,3.385972616704366445e+00,4.837874431256116368e+05,2.040078424675166607e+05,6.393766213539860473e+03,4.055511690871171915e+00
1.313131313131313149e+00,5.082208673973433122e+01,3.671419784345594461e+00,1.247207942976065098e+01,4.683723950979354345e-02,4.408155107596569144e-01,8.856291686462129942e-01,1.203216596031160934e+00,2.680486085783172166e+04,9.646655119208310498e+05,5.732178931932248389e+01,4.338571209272566342e+00,3.678346452256039623e+00,1.500585028723944703e+01,4.685399524993786452e-02,4.408664102863644740e-01,2.352902251954207102e+00,2.301509973920093710e+00,9.219674548838475312e+04,6.575319848846412497e+05,7.177760137137078118e+02,4.332950880987684883e+00
1.414141414141414144e+00,5.716770199120362861e+01,1.592469221236215260e+00,2.424775226618586643e+01,8.512326761866303992e-02,3.425009048406558176e-01,1.006331820391350051e+00,1.353781982618879054e+00,1.936897022879472934e+04,7.843606060314864153e+05,3.108454821544937204e+03,4.638475959248760994e+00,2.379955589596158383e+00,2.402805450315874936e+01,8.427635173304687255e-02,3.401612286353734582e-01,2.103070866261488536e+00,2.047552680752932286e+00,5.176292972938859602e+05,2.136621242454744643e+05,9.721852744151728984e+03,4.193300807128270691e+00
1.515151515151515138e+00,5.939562255182031691e+01,2.761211229925401689e+00,1.872933717590802516e+01,1.148865793960729270e-01,5.568206187241023786e-01,9.162593288573490646e-01,1.328870337304099758e+00,7.373157959986606147e+05,6.302305684976518387e+05,7.101862492366776678e+03,5.075671316606958250e+00,4.052517840120135162e+00,1.909642296480796020e+01,1.147224453745150918e-01,5.512802335419766386e-01,1.793061241472025058e+00,1.761412987817444709e+00,1.797545736568816646e+05,7.822871446937916335e+05,7.713192357751483542e+03,5.249789025285749311e+00
1.616161616161616132e+00,6.179019657012288747e+01,3.282489178489500503e+00,1.487797136469339065e+01,9.738550668058908177e-02,2.893527269311511607e-01,1.299598728436124340e+00,2.350413008429227180e+00,4.344321650722062332e+05,7.829440267776938854e+05,6.068097953727933600e+03,4.525135853942511055e+00,4.214194599427185217e+00,1.493652698565597881e+01,9.110605818337240425e-02,2.894018227581715563e-01,2.176732713343240366e+00,2.358673466574231714e+00,6.567279761855731485e+05,4.317463160326359794e+05,6.754586781759116093e+03,4.535602461274693908e+00
1.717171717171717127e+00,6.196033617793400339e+01,3.225520135135067523e+00,1.305015187140140576e+01,6.492934486622969903e-02,4.022858694846895289e-01,1.046352754494948689e+00,1.503528639410733447e+00,5.793913020024647703e+05,5.625110730740041472e+05,5.965900119197916865e+03,4.476260351488998701e+00,4.322442829181379231e+00,1.527937062736048723e+01,6.497142704521857715e-02,4.078177126879192205e-01,1.797524865553925766e+00,1.633999631851442258e+00,3.920050326933626784e+05,4.517729338984800852e+05,6.933857214442404256e+03,4.431720491977826804e+00
1.818181818181818121e+00,5.801032289709603162e+01,2.263931623640377921e+00,1.501043069919439077e+01,7.724066956618882984e-02,2.999560580504060381e-01,1.148220082828844912e+00,1.969874644724864732e+00,7.712028035292833811e+05,5.482162482111722929e+05,6.803716332215173679e+03,5.466804168569060707e+00,4.213761458137383009e+00,1.516099639869702997e+01,7.711392521241487719e-02,3.000989188312082057e-01,2.045752207321547278e+00,2.175289154099227407e+00,6.101650987491863780e+05,2.850328035836012568e+05,1.052660874315073897e+03,3.431473025793492670e+00
1.919191919191919116e+00,5.866964020723713702e+01,3.713916883655058676e+00,1.417018011933856592e+01,1.073096458520371305e-01,5.792048624776672261e-01,1.258870959253918453e+00,2.440125398177269034e+00,4.933004463304812089e+05,4.234338678933166084e+05,4.468579672432992083e+03,2.488812426327568605e+00,3.698731780405050351e+00,2.095516961715010495e+01,1.078919842615993357e-01,5.850260045866129133e-01,2.579347508182218807e+00,2.444550706257321959e+00,3.596626355937009794e+05,3.000378706918151584e+05,1.059344802711425331e+02,2.510175721772609503e+00
2.020202020202020332e+00,6.599922450802723972e+01,3.597988803757967702e+00,1.056503575264617112e+01,2.203426780019952097e-02,2.338206598571733741e-01,1.261291168222244963e+00,1.930426525424196349e+00,1.279929924916791206e+05,2.886483178451671847e+05,5.604398010235753645e+03,3.620321198901768067e+00,4.050821818712430300e+00,1.083075503181552079e+01,2.206433401495947605e-02,2.338799615038564816e-01,2.662094782708407159e+00,1.949827349984680769e+00,5.303305628410163336e+05,2.817532651921228971e+05,4.763238723174797087e+03,3.850033667536705728e+00
2.121212121212121104e+00,6.172451723628426379e+01,3.038377929118544429e+00,1.443841087707223281e+01,8.785869465480052043e-02,3.795333424761112573e-01,1.073391250538711095e+00,1.806655048801763197e+00,1.322392773218522198e+05,1.927846500135478855e+05,6.927760964808762765e+03,5.291120228509543111e+00,4.503936132920066449e+00,1.501165109172207401e+01,8.786687414300324572e-02,3.782574631852571034e-01,2.265785744226554321e+00,2.139638191492168939e+00,4.837923593325041584e+05,1.788941764528791246e+05,5.785485957871848768e+03,3.995230714588505538e+00
2.222222222222222321e+00,7.133167041572215794e+01,3.885696244871585492e+00,1.345717561950167784e+01,1.559063722084621517e-01,2.505055575076687302e-01,1.362477320547150539e+00,2.504417867079632654e+00,8.704649782557758735e+05,8.424701392070004949e+05,8.468386789826343374e+03,5.841450200737581255e+00,3.923814531563045716e+00,1.742692682074400778e+01,1.559062182084924308e-01,2.505057808254576579e-01,2.286094523829844238e+00,3.335233377231189067e+00,8.002521332573005930e+05,7.801406537513877265e+05,8.155937085177578410e+03,5.419008508629844734e+00
2.323232323232323093e+00,6.462825431243958008e+01,4.035552349676119199e+00,1.219254116477815408e+01,1.278317052539223730e-01,4.796639603049225320e-01,1.151880039007689982e+00,1.887708713516224046e+00,1.762764817094431783e+05,4.885272079065842554e+05,6.452297849010979917e+03,3.219722933928930164e+00,3.505751583226412116e+00,2.213068844435622751e+01,1.279914501065127497e-01,4.800155954881549225e-01,1.810693264838408645e+00,1.892863351002160188e+00,3.780466082317540422e+05,6.546202191503497306e+05,2.567580960586519268e+03,4.425026803369898509e+00
2.424242424242424310e+00,6.225693845602120291e+01,2.779623934929200235e+00,1.914791586611522689e+01,1.421764240306675198e-01,5.427087109470609683e-01,1.235696691675739478e+00,2.101700622263543483e+00,3.666813892513787869e+04,9.203921887334742351e+05,5.142413127904916109e+03,7.112804296495725431e+00,2.882121024823960820e+00,3.470218324368009633e+01,1.410141136955618824e-01,5.416301483033292286e-01,1.916458023437844549e+00,2.084229823003298954e+00,1.625048060425064796e+04,8.428083766450737603e+05,3.098482420841930434e+03,8.319830037265136369e+00
2.525252525252525082e+00,6.620013077676030377e+01,2.864118528526310659e+00,1.484082045084926804e+01,8.393850218830502252e-02,3.513750882565792044e-01,1.473915929392640489e+00,2.626825838459217799e+00,5.178098873867456568e+05,7.218615247008688748e+05,3.802842953446505362e+03,4.686473766992534706e+00,3.645340924098259716e+00,1.487620540007541869e+01,8.381343185227067838e-02,3.513750853146583308e-01,2.432350123074286774e+00,2.593870071276503264e+00,6.605018891315134242e+05,3.180552240525099915e+05,4.840268468312505320e+03,4.351161004584151115e+00
2.626262626262626299e+00,6.518404064154753996e+01,2.210958210510399979e+00,3.577069962098183709e+01,1.561878945702224464e-01,5.509836558442718912e-01,1.508024682773460690e+00,2.455293853312926711e+00,4.469417815593755222e+05,9.845824606788378442e+05,6.850151807349368028e+03,4.961608593183314930e+00,2.882516957469715813e+00,3.326238466303880870e+01,1.332000305185314648e-01,5.457735884681028660e-01,2.425131214886558695e+00,2.461214943252238996e+00,2.997699901005454594e+05,8.172541091390963411e+05,7.685184883979930419e+03,4.993940737627758253e+00
2.727272727272727071e+00,5.979694610041656233e+01,3.637706096311275950e+00,1.308116818730570152e+01,1.162981123003792999e-01,2.670816737569112198e-01,1.155813934761149353e+00,1.885466441140345895e+00,1.866067937993836822e+05,7.125519272478515049e+05,9.913132694746538618e+03,5.129322010071440729e+00,3.673281825908553344e+00,1.691384217303998483e+01,1.165141853172202702e-01,2.672530128638663793e-01,1.898988931882289677e+00,1.904415288444201604e+00,8.488475827032717643e+05,8.466333150220876560e+05,9.223027641766479064e+03,4.797266301069599059e+00
2.828282828282828287e+00,5.274107918188027355e+01,2.286379810011257341e+00,1.354449894908155194e+01,6.483417528148455178e-02,1.759596748418160994e-01,1.021856912543039009e+00,1.473639150402189735e+00,5.928907199381175451e+05,4.307071200095685781e+05,3.370916141695607166e+03,2.487697700675974399e+00,2.286454275765269273e+00,1.846406950688229998e+01,6.483717158531535074e-02,1.759547140889641814e-01,1.625251668159532814e+00,1.474310828588046185e+00,3.902440718911614385e+05,2.260394077987115888e+05,1.354888162923535333e+02,2.512194437316686013e+00
2.929292929292929060e+00,6.704578089851582945e+01,2.621078693374071733e+00,1.932402648460373840e+01,1.119313227732647020e-01,5.002217399700760181e-01,1.171368199484755124e+00,1.926220616599255475e+00,5.985621651517353021e+05,7.333244782393333735e+05,6.773312256364357381e+03,5.418831424296341126e+00,2.067242293451569513e+00,4.913969184977815985e+01,1.115934409657054621e-01,5.165792387673718844e-01,1.756665392074976406e+00,1.990448744670333170e+00,8.892621263418330345e+05,7.228854815522353165e+05,7.234634421594651940e+03,4.617851575935461916e+00
3.030303030303030276e+00,5.958317703660850384e+01,2.716918639337797092e+00,1.875762069459420900e+01,1.214588766402303066e-01,4.242414553365987939e-01,1.140767980152548322e+00,1.758997644846521657e+00,5.372563708187495358e+05,4.450622909391582361e+05,1.827814244014684391e+03,4.250009404526244872e+00,3.763936831108455117e+00,1.902000568586192131e+01,1.213512582448166427e-01,4.321604233731058398e-01,1.850513362431661424e+00,1.766148529389758970e+00,7.036403583267985377e+05,9.405857132844310254e+05,2.885623988776992519e+03,4.288169490281071639e+00
3.131313131313131048e+00,6.898543870763464270e+01,2.089126698897080470e+00,2.078599195469594108e+01,1.046737862219733750e-01,4.293640434917894710e-01,1.555143297833664118e+00,3.083072932725132276e+00,7.559864829487396637e+05,8.620422685062912060e+05,9.406788532752481842e+03,4.155278788903013165e+00,2.141697243127452577e+00,4.482811184326049414e+01,1.046351278824384085e-01,4.294824259780751219e-01,2.112085832299964050e+00,2.150537092843039400e+00,7.921921034214692190e+05,6.545635548268870916e+05,6.336719261423480020e+03,4.263476598967089082e+00
3.232323232323232265e+00,7.146229782965035326e+01,2.118321477190140634e+00,3.826320348667360349e+01,1.941498019952399567e-01,5.010761624352874088e-01,1.857892754946388614e+00,3.863409514604237316e+00,6.096271235741055571e+05,1.612314145936628920e+05,7.144639203211930180e+03,4.816961699596364888e+00,3.347933024303653582e+00,3.831419357276588755e+01,1.943330533654158976e-01,4.985223351822517524e-01,2.315763748657516441e+00,2.937521998565117975e+00,4.779303145782650099e+05,2.772002921947736177e+05,5.207539205901735841e+03,4.373649970614158278e+00
3.333333333333333481e+00,6.294832710010895482e+01,3.570004559220091966e+00,1.426665169917793818e+01,1.348062335572232928e-01,4.158549115913048877e-01,1.327539100452281184e+00,2.480917677211752270e+00,2.150091474546125391e+05,4.662416458363042912e+05,3.945760824048292761e+03,4.413968243851466688e+00,3.568218294129022805e+00,2.054871411285774485e+01,1.354967510613381554e-01,4.139883953031985864e-01,2.208027895085600711e+00,2.248569365654458529e+00,7.741124411311582662e+05,6.185030768420058303e+05,4.561893225716559755e+03,4.381734148454201616e+00
3.434343434343434254e+00,5.258400159329202239e+01,3.778054314205623321e+00,1.212920485333748033e+01,2.193973986557463257e-02,4.361410487128583036e-01,1.118873369276369711e+00,1.668142351782021304e+00,2.678529309818598631e+04,8.346666286834803177e+05,6.565938541306303478e+01,4.328612950873197640e+00,3.799099686471047121e+00,1.343670932619023262e+01,2.187411685590372190e-02,4.364847496524435488e-01,1.794013092473526472e+00,1.670587898888071576e+00,9.220990182318106235e+04,6.575174833426378900e+05,6.944796625733351902e+02,4.285542654724888045e+00
3.535353535353535470e+00,6.100772508740972455e+01,2.340141686072933158e+00,2.918309874447574970e+01,1.894791412180996670e-01,4.204789435773204076e-01,1.074074826762417390e+00,1.730512626885690075e+00,9.786158473723946372e+05,5.503828471395634115e+05,2.247925362526951176e+03,4.430689507825102069e+00,2.495991715938066235e+00,3.342451972289268980e+01,1.350959370641710844e-01,4.202950066335710555e-01,1.579999339335985020e+00,1.746995414246934830e+00,7.405402891079406254e+05,9.095544426590827061e+05,3.177857248407149655e+03,4.442693725879009570e+00
3.636363636363636243e+00,7.076959365833405968e+01,2.360375029746685449e+00,3.567903801183948076e+01,1.750788873949901681e-01,5.688894431369806437e-01,1.532938527996614786e+00,2.761104155690841111e+00,4.662703252177506802e+05,4.053639984720831271e+05,9.031756813535585025e+03,5.103993397738043392e+00,2.898048951548217733e+00,2.959219434525867243e+01,1.420570163995706903e-01,5.659562656900662958e-01,2.501951476908135685e+00,3.169558166984377312e+00,5.490325755222295411e+05,5.961884450049604056e+05,8.027899069012494692e+03,5.053207759875170346e+00
3.737373737373737459e+00,6.266931568448011092e+01,2.248213195083285321e+00,3.562719853983679741e+01,1.845557592534294855e-01,6.599836447996041411e-01,1.588041288489266734e+00,3.316021928097118820e+00,4.134048890042604762e+05,5.109416974630957120e+05,3.506110723553071239e+03,4.679634404759792865e+00,3.462212087527988924e+00,4.423861497105053076e+01,1.846279219731325749e-01,6.595499565613267556e-01,2.954279569682002116e+00,3.338680042324887687e+00,4.293761617215530132e+05,5.097916638973564841e+05,8.717942793631029417e+03,4.726049051645518695e+00
3.838383838383838231e+00,6.790076618869505864e+01,2.448865936015582889e+00,2.704212835140819848e+01,1.751691135472669414e-01,5.208856169838015360e-01,1.815966493026204054e+00,3.786147891249282527e+00,4.196398812181270914e+05,2.347153299591071845e+05,2.339974108615808746e+03,4.525666128833265134e+00,3.115114228525821094e+00,3.218819436114019084e+01,1.749380501517010800e-01,5.222349249735901422e-01,2.907860648551934712e+00,3.824199574980058358e+00,6.564699775155563839e+05,2.867025132606628467e+05,6.149017845386556473e+03,4.512156402327780036e+00
3.939393939393939448e+00,6.136785470618866611e+01,2.651830843112401137e+00,1.389759527065727163e+01,6.627932411625094000e-02,1.718982491973431725e-01,1.239449477302669411e+00,2.207076922223772275e+00,3.785000196949949604e+05,5.124336758168374654e+05,6.396922504969862530e+03,3.043136015683697071e+00,2.747698183409580608e+00,1.403726954528656279e+01,6.666183165219650986e-02,1.709399776633237777e-01,2.379220162352913004e+00,2.212983260316141898e+00,5.016653188340099878e+05,3.683702102563806111e+05,2.484771745466161065e+03,4.064030003246497103e+00
4.040404040404040664e+00,7.112598450452931331e+01,3.573140325645120186e+00,1.767724752605882443e+01,1.719892805765310673e-01,7.249712481415687693e-01,1.567668526138790375e+00,3.172312883325528077e+00,6.298258934494163841e+05,2.463741561192342197e+05,4.918296465835903291e+03,3.978690205707905214e+00,3.771148970286191116e+00,3.516327998500673857e+01,1.833651650434744151e-01,7.269325187357494888e-01,2.435743986605656275e+00,3.179811762009292053e+00,5.979224115789540811e+05,1.622762909903843829e+05,4.581118011804055641e+03,3.966325619625317600e+00
4.141414141414140992e+00,6.832433735597301450e+01,1.996348853327566397e+00,4.324033147286469614e+01,1.708023969613982063e-01,5.189446904939030158e-01,1.535544475967679956e+00,2.988240305599141333e+00,3.477690444249901338e+05,2.839989052215628908e+05,1.899466106490373704e+03,3.322460162195256306e+00,3.006487615073802466e+00,3.598830844296556108e+01,1.708313960306742652e-01,5.189630530821196519e-01,2.529720506842410899e+00,3.018267259540407199e+00,8.496443723903974751e+05,2.798567136846143985e+05,3.062206344707140943e+03,3.921700113676835908e+00
4.242424242424242209e+00,6.191954925684655109e+01,2.230982592227619410e+00,4.069737444603548226e+01,1.573118856025624845e-01,6.296827007942948917e-01,1.508319406311466215e+00,2.518590928684667052e+00,3.600745133193704532e+05,5.760880457314640516e+05,2.799681897908364135e+03,4.956863497118425776e+00,3.123517660363271276e+00,3.455775800349813665e+01,1.557466252047669530e-01,6.259594586674394057e-01,2.338329154811038979e+00,2.515161643008857695e+00,3.092610801253998070e+05,6.365163904727122281e+05,7.616186361915671114e+03,4.947883148827060040e+00
4.343434343434343425e+00,6.120368650346294714e+01,2.846770693218430015e+00,1.999099274732856912e+01,1.606761200739866280e-01,3.628008592640091790e-01,1.262174050143925585e+00,1.963867805890499474e+00,7.225585905582994455e+05,5.014580806270120665e+05,7.228589281343640323e+03,4.455764939150616222e+00,3.035081555736165004e+00,3.073189892733382322e+01,1.611475227655509157e-01,3.594337077939524505e-01,1.939335015159846964e+00,1.956836609542509375e+00,5.279126456317912089e+05,5.889437121990360320e+05,5.355431873204567637e+03,4.432421474832653807e+00
4.444444444444444642e+00,6.849025876567439752e+01,1.813968729657434498e+00,4.792897996139132033e+01,1.278256257861220269e-01,5.537478358595278038e-01,1.708330624855944446e+00,3.181717129815145650e+00,4.899797767751750071e+05,9.929466067831522087e+05,6.305012739621263790e+03,4.987895025118821657e+00,3.875202822126378788e+00,2.020926782293780377e+01,1.275924465557810861e-01,5.544103166187540621e-01,2.207072951784779580e+00,2.470667627446138770e+00,4.701555789951189072e+05,9.877701446564816870e+05,8.073111718311713048e+03,5.092994455581611568e+00
4.545454545454544970e+00,6.641469842915888933e+01,2.006467271164149135e+00,4.091389754461248174e+01,1.765317008297502821e-01,5.840310480763608592e-01,1.255661361641208451e+00,2.263047342103570170e+00,5.054713769520069472e+05,2.836454066475830041e+05,6.439926665286356183e+03,4.786617868618415983e+00,3.309520188805278984e+00,3.892813136542593355e+01,1.748989646050598257e-01,5.866986792959923980e-01,2.429035268728277686e+00,2.502788687679166291e+00,2.573061910039712384e+05,3.415794979589562281e+05,7.513540685793452212e+03,4.677947588561359282e+00
4.646464646464646187e+00,6.471816712959855522e+01,3.433851282771505531e+00,1.734609201578595261e+01,1.208690937420003886e-01,4.352110779403889906e-01,1.452880828056186235e+00,2.596556882448876724e+00,3.420760457458067103e+05,9.565568534498661757e+05,1.792445700665783534e+03,4.589941569495969986e+00,3.783031925937700102e+00,1.830714755101604041e+01,1.208826721178948571e-01,4.352043387857855716e-01,2.404631040702126743e+00,2.617642598362846851e+00,5.745908765011513606e+05,7.720565429377391702e+05,3.415244244228944808e+03,4.544271468678386938e+00
4.747474747474747403e+00,6.596249810434434835e+01,2.729440176383641781e+00,1.990452334413706836e+01,1.962705374043503537e-01,3.686037594446965326e-01,1.541325218897790617e+00,3.074871568525856969e+00,5.909952234591594897e+05,6.932818542185531696e+05,7.622046750149164836e+03,5.436294405439255684e+00,3.269090406849748831e+00,3.562485695828254961e+01,1.964041498832321264e-01,3.686373434541755922e-01,2.779482428179711917e+00,3.345388867385223453e+00,1.796411289868004096e+05,5.767653372027393198e+05,7.689624394522369585e+03,5.407043387152903335e+00
4.848484848484848619e+00,6.355860384516821426e+01,2.856817260179414841e+00,2.584689175775330483e+01,1.805942184201507761e-01,6.129007313860318495e-01,1.614512117199399244e+00,2.911179228401453933e+00,4.133878681465903064e+05,5.109365970491868211e+05,3.483989891401628483e+03,4.721980037484478920e+00,3.423161789196835336e+00,3.974485815462150384e+01,1.804770396564393531e-01,6.114906450599829624e-01,2.755024340811688788e+00,2.927562128318488277e+00,4.293721231174003915e+05,5.097868967942938907e+05,8.737301383343847192e+03,4.689213981330558667e+00
4.949494949494949836e+00,6.351991560624745148e+01,3.511802092498809369e+00,1.782401196061406523e+01,2.056790491870766624e-01,5.597123805993271528e-01,1.256068319587395843e+00,2.173899607300279868e+00,5.690980364529584767e+05,7.315011804690279532e+05,8.008301592835427982e+03,5.702333518520057432e+00,3.508791348423473622e+00,3.375222690768242728e+01,2.066396961563794488e-01,5.616850082087310181e-01,3.063821377369328136e+00,4.097239478327074025e+00,5.659864270405492280e+05,7.682100971562926425e+05,7.894031391199474456e+03,5.233283030733110408e+00
5.050505050505050164e+00,6.372618535158764530e+01,1.723099308418380105e+00,4.739800483478903459e+01,1.714861215141912920e-01,2.860748931934400940e-01,1.236207326132757967e+00,1.832305485913054754e+00,3.390487134450133308e+05,6.007653914877758361e+05,6.262120399477192223e+03,4.541105004759996788e+00,2.444260286203096655e+00,4.726169179620241323e+01,1.730385078975934798e-01,2.879437318186935935e-01,2.061372645202147691e+00,2.252544970698089788e+00,4.242376290932965348e+05,7.870913223575218581e+05,8.612418372890822866e+03,5.049341370553948494e+00
5.151515151515151381e+00,5.991452945374953742e+01,4.399698580126063518e+00,1.295627217985946622e+01,3.092120711868613300e-02,4.601795194510909237e-01,1.160427899816896202e+00,1.789792382357837441e+00,3.484123173282290227e+05,4.461956819173014374e+05,6.077827688612304883e+03,4.806683546254284956e+00,4.419190039194058173e+00,1.334644946463507864e+01,3.092394725807128333e-02,4.602285300151311431e-01,1.674591988339434234e+00,1.788405267876609361e+00,9.896800101469920482e+05,2.750831196312159300e+05,7.637334719316193514e+03,4.179186498068291122e+00
5.252525252525252597e+00,6.343897491745165951e+01,2.223078377018980589e+00,2.990716501462802412e+01,1.439715866930410815e-01,6.203981566108116574e-01,1.684802173038603357e+00,3.298016602591799629e+00,4.196342293116853689e+05,2.347348467365365941e+05,2.361826287350640541e+03,4.424139988441694094e+00,2.873111289964150217e+00,3.753954069769554280e+01,1.439980735662101941e-01,6.198939617454954920e-01,2.500295980429490417e+00,3.298207418591267537e+00,6.564671743851650972e+05,2.867008021670420421e+05,6.146557019361523089e+03,4.412898374126553058e+00
5.353535353535353813e+00,6.050802275416604203e+01,1.727244841401684328e+00,4.500123341921716502e+01,1.275086349763213944e-01,4.937313999776447027e-01,1.643393555933759576e+00,2.862120393273651420e+00,4.899774163388552261e+05,9.929485973801244982e+05,6.302769630698105175e+03,5.424018680635758649e+00,2.763825214836399535e+00,2.719087946642384424e+01,1.275086282145384831e-01,4.941112060224840397e-01,2.189686688113222868e+00,2.875762094208387243e+00,4.701559826376668643e+05,9.877639136157247704e+05,8.071349450976810658e+03,5.389831976256949986e+00
5.454545454545454142e+00,6.386727266772001599e+01,4.263971867503298263e+00,1.256870435775061878e+01,7.829588346644647534e-02,5.758641966223558839e-01,9.710578928316356828e-01,1.099696357979179639e+00,5.785289440237077652e+05,3.964538806389897945e+05,6.061063934821923795e+03,3.693457919770246178e+00,4.221544368045075046e+00,1.769714383094386534e+01,7.834148719540150185e-02,5.753813519769604978e-01,1.334420885961616898e+00,1.096962804089890220e+00,8.970768197202414740e+05,7.338397828186834231e+05,6.244041636567198111e+03,3.699874206740572991e+00
5.555555555555555358e+00,7.077903994530990417e+01,4.379364702804450005e+00,1.291238395210754142e+01,1.144340057113848175e-01,3.411135394540301125e-01,1.568119059197952359e+00,3.138142808170099496e+00,1.268904728416461439e+05,3.797996445973445079e+05,3.420211678916272831e+03,4.529761519304811301e+00,4.402552509533504299e+00,1.288804798836490306e+01,1.143571580034114937e-01,3.411520557190710901e-01,3.221443185772978168e+00,3.240386853576914028e+00,4.687363877028518473e+05,3.718538292639990686e+05,3.085356816628875549e+03,4.484691095707069586e+00
5.656565656565656575e+00,6.491291183691758704e+01,3.310691130252093828e+00,1.449512504839241522e+01,7.962104365506650350e-02,3.545328004235991370e-01,1.602642619357079079e+00,2.724709536351045180e+00,4.849462324200824951e+05,7.303671664824056206e+05,5.532052369983366589e+03,5.278818383719769969e+00,3.300719950122653845e+00,1.464079144447575764e+01,7.985885624255510684e-02,3.552426849075887572e-01,2.537222444703221669e+00,2.599380131361957336e+00,7.012113779129653703e+05,4.651137845223936602e+05,7.536567192739291386e+03,4.627777222641467070e+00
5.757575757575757791e+00,6.363450497711702525e+01,2.678721636829170638e+00,1.505220347332377351e+01,1.562100499565592382e-01,3.003811753683239272e-01,1.696598235883048700e+00,3.524363700905456032e+00,6.099025078396755271e+05,2.256556832001558505e+05,4.842146462159673320e+03,3.974993948474919048e+00,2.678689036749147601e+00,3.889006128312286847e+01,1.564951166122361126e-01,3.009673261838287650e-01,2.855165639937516708e+00,3.525089243371741343e+00,5.535816845407598885e+05,1.754968488232184027e+05,4.522799136990925945e+03,3.975363520821816099e+00
5.858585858585858119e+00,6.850968906129168090e+01,3.650782300171800276e+00,1.689326498962930856e+01,2.038467153761527872e-01,5.382088850184911788e-01,1.281731386339530321e+00,2.175664080405446565e+00,5.509479550837636925e+05,5.160063992386139580e+05,6.877336142631255825e+03,5.598197690576433239e+00,3.655733703829914027e+00,2.279626544315444647e+01,2.053994261166315616e-01,5.376906928587749102e-01,2.395029289806049899e+00,2.991632339303299304e+00,5.584904113929345040e+05,7.682159362596409628e+05,8.865105922905318948e+03,5.542494303232195385e+00
5.959595959595959336e+00,6.309339376786735443e+01,2.063278392199920042e+00,3.886259447725559824e+01,1.224578889965374506e-01,7.674102511670614080e-01,1.724034832219585756e+00,3.209580065808558924e+00,5.198317145697567612e+05,6.246267858997881413e+05,5.009552217471710719e+03,5.388537816956796789e+00,2.476467921423595620e+00,4.843899932906617067e+01,1.224416816824228094e-01,7.677726862731034663e-01,2.931231951821266168e+00,4.026914957202943235e+00,2.758590340272623580e+05,6.292367653482189635e+05,6.792376828140871112e+03,5.388888400735267759e+00
6.060606060606060552e+00,5.940784057818176933e+01,3.190019864091298452e+00,1.158293338774779535e+01,7.203526457752361389e-02,2.493763237195726346e-01,1.516109342600035825e+00,2.571229145487679446e+00,5.614497977615419077e+05,7.404674853562560165e+05,4.598403869124898847e+03,4.913057056083286689e+00,3.194599744364325922e+00,1.526595372342974954e+01,7.202311303951708377e-02,2.492988368661108178e-01,2.380788067687408471e+00,2.597070364273069920e+00,5.899286368960472755e+05,8.403577470416834112e+05,6.203246200924540062e+03,4.903016578640241541e+00
6.161616161616161769e+00,6.189743091429987487e+01,2.025314069046932453e+00,4.032247127274576570e+01,1.249778713324852658e-01,6.525292688476823644e-01,1.240134835700621441e+00,1.633359592729034526e+00,9.810814633810820524e+05,9.668355246664498700e+05,5.204446718261741808e+03,4.487985929390871043e+00,2.739357412377497969e+00,3.677588726102942474e+01,1.246806821735786525e-01,6.516087551517502074e-01,1.500422954616089433e+00,1.639473211390300778e+00,6.941828641482894309e+05,9.383479460799441440e+05,3.610677635376199305e+03,4.371893864331076074e+00
6.262626262626262097e+00,6.284346753101242200e+01,2.187474394421116131e+00,4.279088791261927582e+01,1.801882155250575379e-01,6.115342432687088658e-01,1.389097520453284940e+00,2.238451152850777337e+00,4.900737267513321131e+05,9.929490894937108969e+05,6.311832707123469845e+03,5.439205845219484026e+00,3.723155026828187886e+00,2.312090261262105173e+01,1.662370429448664921e-01,6.126236223388861202e-01,1.859863690558923643e+00,2.226982030920817035e+00,4.702564830241293530e+05,9.875768566769354511e+05,8.070533356830031153e+03,5.385084774246941208e+00
6.363636363636363313e+00,7.775744306929196625e+01,3.328318009354197748e+00,2.350159292380227427e+01,2.358020019188424021e-01,4.311703991315941065e-01,1.527297383764612659e+00,2.637218599195652935e+00,6.769305016264775768e+05,5.015314747365979711e+05,6.614737799677087423e+03,4.991496534391277606e+00,3.732377900826657768e+00,2.499681985149717889e+01,2.337964225818705277e-01,4.268841518666025014e-01,2.049061008947251850e+00,2.633506725964106732e+00,7.364374691307486501e+05,4.054591373201165698e+05,5.353452990833181502e+03,4.736494776585444377e+00
6.464646464646464530e+00,6.455905457735048003e+01,2.216777050604506361e+00,4.194401642192551805e+01,1.582499279743365406e-01,7.277433080515600672e-01,1.548275356428560068e+00,2.786087634522003587e+00,3.390380685454640770e+05,5.558963774584261701e+05,6.361041384322737940e+03,5.470296246481603397e+00,3.322426503192801306e+00,3.895077809303968053e+01,1.582152798699468788e-01,7.275945919256324723e-01,2.443031943700534558e+00,2.785640423777564489e+00,5.160600147446676856e+05,8.904840139434629818e+05,8.058265754280118017e+03,4.858529708007171877e+00
6.565656565656565746e+00,6.960127028133850047e+01,2.598327334173564207e+00,2.121586272911183357e+01,6.929712280817144909e-02,5.568030408830542122e-01,1.217419337873696605e+00,1.935367690173814159e+00,4.321070046928647789e+05,6.042613845637912164e+05,4.220845803050891845e+03,4.769276481802487311e+00,3.241656695413917433e+00,1.917235109187732434e+01,6.860765262606777215e-02,4.811202844237392195e-01,1.860856565646485050e+00,1.937939447939789117e+00,6.110599413507597055e+05,7.803535289398635505e+05,8.411957486166356830e+03,4.489738818342762450e+00
6.666666666666666963e+00,7.041998155586792052e+01,2.866249889485687152e+00,2.328309732807906229e+01,1.449181300275494411e-01,6.717904064423313448e-01,1.501687422442827824e+00,2.747642718543422902e+00,5.509506578575224848e+05,7.314968255088606384e+05,6.883084124230655107e+03,5.213797457481434527e+00,3.143390162144476196e+00,2.858134909726906159e+01,1.449055049909319104e-01,6.534262644477744075e-01,2.237725163195231293e+00,2.769049122899602366e+00,6.480031095785127254e+05,7.682264300728206290e+05,8.860444721972769912e+03,5.034522275777524314e+00
6.767676767676767291e+00,7.178635686745785449e+01,2.120220252543994377e+00,4.479909475124831886e+01,2.066290938848668324e-01,5.473544086132724473e-01,1.531754954354914489e+00,3.347073451091619578e+00,2.962315647832622635e+05,6.007674396771478932e+05,6.356971065454846212e+03,5.371869484093068969e+00,2.950378809759757193e+00,4.614026059093674803e+01,2.076619492697202585e-01,5.489931413644741909e-01,1.516513641469359852e+00,2.097457281166164922e+00,4.531947193931030342e+05,7.016763137139986502e+05,8.443322884901504949e+03,5.341981380849619931e+00
6.868686868686868507e+00,6.644949887320815662e+01,3.247448396550314254e+00,1.632279097669933421e+01,1.050793499731795533e-01,4.297936409619472764e-01,1.753684363137397950e+00,3.645264946547083440e+00,6.068248838590461528e+05,3.152330780545372982e+05,5.879902223723486713e+03,4.739046614479986985e+00,3.374488811461672455e+00,1.955556253534738786e+01,1.058388048799138031e-01,4.308763346139333206e-01,3.026897470834381210e+00,3.616641227978138140e+00,6.505485210507344455e+05,5.334858699388056993e+05,7.726069666496829086e+03,4.766268442081587509e+00
6.969696969696969724e+00,6.772116205905281561e+01,3.014571186182701812e+00,1.973545587080741015e+01,9.954201644154259121e-02,6.239560082826208776e-01,1.498426029120803804e+00,2.202229817233979148e+00,3.688708589792798157e+05,8.887341834242434707e+05,5.421251977289763090e+03,4.411912451732723284e+00,3.685762791257173543e+00,1.779290645011541017e+01,9.951561029624822474e-02,6.239475779778224096e-01,1.513485457367665266e+00,1.361458290217368416e+00,8.749658296634611906e+05,6.246445708908986999e+05,6.356524694288468709e+03,4.376921648641282303e+00
7.070707070707070940e+00,7.408456272457745229e+01,3.072271311700598861e+00,3.654475707770776438e+01,3.145510140446174385e-01,5.135651865101875657e-01,1.384367001856720680e+00,2.456768000635614069e+00,4.111427143224544707e+05,1.235984507781286084e+05,1.570579149236612921e+03,3.696062585531138200e+00,3.103147351881202276e+00,3.118690646054834659e+01,1.692070227712232089e-01,4.963448558663983712e-01,1.851597224622739901e+00,2.101993218781395001e+00,4.496377847579629743e+05,1.494824153699985181e+05,2.152792908192584491e+03,3.694992782895428096e+00
7.171717171717171269e+00,9.372262718376082091e+01,3.853803780487383257e+00,2.393988175041507205e+01,3.065080026713244421e-01,5.114987224811743394e-01,1.866761208056361809e+00,4.044789207666974917e+00,3.287388959056714084e+05,4.584601351550127147e+05,9.133708050616072796e+03,6.198151361083497513e+00,4.010172172002815394e+00,2.468419560623004472e+01,2.722409695782480599e-01,5.064092535206335954e-01,2.148450982506504570e+00,3.583284583202570595e+00,2.868604601147117792e+05,5.374196514196603093e+05,9.598714337735105801e+03,6.223356514112222015e+00
7.272727272727272485e+00,6.136687860963229468e+01,3.668467007159972315e+00,1.212061704771934423e+01,8.007306529145925833e-02,5.082182820522667122e-01,1.371548476506947889e+00,1.872446876869909849e+00,4.849763661353199277e+05,7.146711416573394090e+05,5.518901740092535874e+03,4.587820975713919225e+00,3.745284145937725739e+00,1.735292261320590512e+01,8.010864311180852793e-02,5.082309458041811556e-01,1.713837448620851411e+00,1.891265048784852798e+00,7.013754884445094503e+05,4.651264176379872952e+05,7.596869627789246806e+03,4.559706593213454617e+00
7.373737373737373701e+00,6.193618409284157167e+01,4.049949101973297161e+00,1.779707196949625825e+01,9.867860288187374485e-02,9.999337067487696906e-01,1.233944414695282932e+00,1.704445480224336951e+00,8.753535946314315079e+05,2.220150782710329804e+05,4.813500197938391466e+03,3.822806903259611477e+00,4.342173772356085593e+00,1.944771608699992171e+01,9.866953208009397736e-02,9.999337163624487657e-01,1.487735066901062275e+00,1.704648692650247765e+00,6.481588909180366900e+05,1.259746304490661860e+05,3.531894615738455286e+03,3.811437707283453324e+00
7.474747474747474918e+00,6.129392372761211050e+01,2.170425948894580959e+00,3.052609097562330120e+01,1.293104972868065194e-01,5.359598484241200333e-01,1.346266461842145379e+00,1.839251470550490541e+00,5.740115737341169734e+05,9.310949077302459627e+05,6.252552707577073306e+03,4.302138296289778729e+00,2.986477070105081122e+00,2.975885658432900982e+01,1.293817014815032140e-01,5.341738555041750658e-01,1.701584102131211029e+00,1.820950488653245269e+00,5.332016713472462725e+05,9.849169964771633968e+05,6.237624581044806291e+03,4.757670421058109334e+00
7.575757575757575246e+00,6.537879058942758093e+01,2.939075342172318805e+00,1.788146152074205730e+01,1.099171279580381938e-01,4.712641281111938918e-01,1.498217723461945816e+00,2.631543984582781270e+00,5.318606667330455966e+05,3.837497581989095197e+05,4.586891417101698607e+03,4.980390409849947631e+00,3.119415833495685408e+00,2.337954562950573489e+01,1.094803080914452942e-01,4.718941914032948048e-01,2.117641528878491552e+00,2.656221215081601361e+00,7.622531849313069833e+05,6.483804804598394549e+05,5.508188727904647749e+03,4.516521179906185957e+00
7.676767676767676463e+00,7.218286593459171741e+01,4.121229276490703697e+00,1.067019042252014316e+01,6.153600709147136194e-02,2.243936864914438944e-01,1.857932463867718820e+00,3.435892172336939776e+00,9.565753440347794676e+05,8.504901391999813495e+05,7.022882410108895783e+03,4.817638428114474181e+00,4.114533997080743077e+00,1.116015374972784180e+01,6.136723286658595650e-02,2.257354895729572486e-01,3.676039658237794772e+00,3.421900124851746217e+00,9.422945515811310615e+05,6.105972316696082707e+05,9.172817565581714007e+03,4.775693486922376607e+00
7.777777777777777679e+00,6.849160836892687598e+01,2.668289150905832408e+00,2.316409939183945355e+01,1.497471903603351528e-01,4.862629447323330023e-01,1.625569827534209866e+00,2.656382781061479736e+00,3.727529212869765470e+05,3.564883191043236875e+05,7.699342470630708704e+03,4.722506121397618273e+00,2.911464211022637638e+00,3.465922066877148922e+01,1.503180542908313932e-01,4.834677244717678346e-01,2.419098354005986273e+00,2.522487913547203142e+00,7.284130306095693959e+05,9.568937475285130786e+05,8.869008949521163231e+03,4.723480182925400506e+00
7.878787878787878896e+00,7.327963171337751191e+01,3.567144674320405606e+00,1.404895121367434996e+01,9.286144824484866833e-02,4.804976805972687171e-01,1.587095712644265078e+00,2.571197484473029427e+00,9.565763902635653503e+05,8.505169876326000085e+05,7.024414252878808838e+03,5.063198521262322949e+00,3.824229529545807527e+00,1.309704773479784912e+01,9.284420524741889003e-02,4.849454902015966629e-01,2.829743213224612308e+00,2.597038318072221408e+00,9.423135041512043681e+05,6.105850531265105819e+05,9.176411598755947125e+03,4.825125115395182185e+00
7.979797979797979224e+00,6.478195693879746386e+01,2.495177959460432859e+00,2.391574418742187547e+01,1.435829836331565801e-01,4.523891715234383271e-01,1.513442585643848259e+00,2.481608864849607521e+00,6.974602196425748989e+05,6.643366001819238300e+05,5.015671269258937173e+03,4.760504085558260101e+00,2.685824000767549347e+00,2.806054716254034531e+01,1.427806110226698955e-01,4.535758934342595250e-01,2.054708101136529574e+00,2.483505478223120289e+00,8.338941497775561875e+05,5.988087923502507620e+05,6.242197336068044024e+03,4.739910354734494291e+00
8.080808080808081328e+00,6.437008223279372032e+01,2.551795408777826957e+00,2.910929040817948987e+01,1.798379238860540463e-01,5.348668620714643884e-01,1.318068096664337219e+00,2.174961909944046479e+00,7.391036572364093736e+05,9.239302266271293629e+05,8.472227398242888739e+03,5.203179225554054987e+00,3.292554404328149165e+00,3.106109979308075708e+01,1.797258053935089361e-01,5.357231929873685905e-01,1.654788057444192217e+00,2.186107089456348795e+00,6.068600214105336927e+05,9.849218775670768227e+05,6.795332677771305498e+03,5.158690312729135030e+00
8.181818181818181657e+00,6.686099637435957277e+01,3.622331621490025633e+00,1.756301106724365368e+01,1.397271309441110443e-01,5.747781468099323332e-01,1.657919383328669616e+00,3.036167440428358510e+00,6.068552635411067167e+05,3.151753870672713965e+05,5.877836859965119402e+03,4.814897030462632621e+00,3.614455273791258971e+00,2.441839571221491667e+01,1.400363626197064226e-01,5.705879034763369217e-01,2.357903014375086315e+00,3.110321962184223743e+00,6.505971794425394619e+05,5.335034138355866307e+05,7.726335638715542700e+03,4.811935269873265142e+00
8.282828282828281985e+00,6.519202644081019571e+01,2.547067529918717099e+00,2.424383046988605983e+01,1.282694414261170979e-01,6.324404872629937335e-01,1.679875026756472822e+00,2.989602328586208113e+00,2.159439529791700770e+05,7.048764363662969554e+05,7.007112592165800379e+03,4.535436340651771481e+00,2.882844930438282383e+00,3.576760793719935805e+01,1.282696678000605217e-01,6.324265671325677296e-01,2.407096530359861042e+00,2.989841254481974353e+00,7.850753148592346115e+05,8.570357070302941138e+05,5.115737715075810229e+03,4.535531919495777942e+00
8.383838383838384090e+00,6.770916257369432856e+01,3.921614632121038557e+00,1.686422860118937095e+01,1.945259681281694131e-01,4.959237692585542479e-01,1.741567640878500800e+00,3.118495322239194234e+00,4.541703323777516489e+05,7.178113595170272747e+05,7.932638892320571358e+03,5.388961495915234323e+00,3.925928409926735529e+00,2.621031656483510730e+01,1.945409998910331839e-01,4.960621851902434210e-01,2.741827576758228968e+00,3.114243315134691770e+00,2.459982906982257555e+05,7.720928016157661332e+05,8.210682890339116057e+03,5.338629060832535522e+00
8.484848484848484418e+00,5.362667015256754866e+01,3.051152078979642468e+00,2.032668610773221474e+01,9.857924402363456295e-02,9.734716847725956024e-01,9.774013938827244008e-01,1.137573930194544225e+00,6.130420905773602426e+05,3.151901974627678283e+05,5.891721100300826038e+03,4.365857320404737507e+00,3.051305177359674659e+00,3.256322735432620874e+01,9.839119047997849088e-02,9.734499839706192148e-01,1.233367367106104506e+00,1.137740658360742563e+00,6.511189187931334600e+05,5.335013249241788872e+05,7.724188675978131869e+03,4.365812145783221077e+00
8.585858585858586522e+00,7.690000163198277505e+01,3.118288459635253584e+00,2.703761253621658156e+01,1.820326200045039589e-01,5.124284518396784449e-01,1.562734397385731722e+00,2.440794268521256694e+00,7.391038396813778672e+05,9.062626252035164507e+05,8.472368735373665913e+03,4.917727259779954174e+00,3.391106701135031987e+00,3.068075685388877005e+01,1.833446757165866081e-01,4.970699418043940110e-01,1.905368141805910520e+00,2.425133031230649383e+00,7.117320297123844502e+05,9.780322092126258649e+05,6.794747286458964481e+03,4.924665950353369404e+00
8.686868686868686851e+00,7.021576804855236276e+01,2.983240561644787903e+00,1.354329665480910094e+01,1.346176580193786942e-01,3.489401590398034103e-01,1.577807682727694116e+00,2.595645548726442708e+00,6.080806709558459697e+05,5.779422425609125057e+05,3.651075322627794776e+03,3.431905573410241939e+00,3.013221044777088853e+00,2.144909142765128252e+01,1.350332516161630025e-01,3.485888487973555216e-01,2.268283132210831887e+00,2.438374926104230234e+00,7.515450707045183517e+05,5.979862954614384798e+05,3.013944815922666294e+03,4.286540298539921245e+00
8.787878787878787179e+00,6.994389222540752371e+01,2.640698061493044868e+00,2.340568594296208360e+01,1.345546677412350345e-01,5.583846031024484180e-01,1.739944781627390746e+00,2.808744660895404976e+00,5.182309740178830107e+05,6.853997942625930300e+05,1.333041799782717135e+03,4.209975286397162009e+00,2.925782457615550669e+00,2.348619853491055309e+01,1.344231420030481405e-01,5.567808005494947476e-01,2.258101001361427773e+00,2.807236572642288763e+00,7.373061386686613550e+05,6.156910637700918596e+05,1.064974733864400605e+03,4.065899792943850066e+00
8.888888888888889284e+00,7.200172068394157066e+01,2.654079177812985080e+00,2.843088229338526318e+01,1.833217558914811696e-01,5.180620000006668224e-01,1.599105234400660214e+00,2.437563893986791186e+00,7.391063845154196024e+05,9.062634923095033737e+05,8.471902282197988825e+03,4.758371469173017232e+00,3.456443491377709787e+00,3.439580440142550088e+01,1.833217875263378760e-01,5.181346092576206708e-01,1.923263448660424313e+00,2.292819332158308132e+00,7.117304745085120667e+05,9.793143879922524793e+05,6.794113622524852872e+03,4.758355875592988227e+00
8.989898989898989612e+00,6.756123402845742021e+01,3.092796348996156297e+00,1.528257764483064918e+01,1.867673417579691908e-02,6.493685618684983396e-01,1.802149497494838881e+00,2.847871483383922708e+00,7.079760489166360348e+05,4.313248566344751162e+05,7.408513554174536694e+03,3.978446891731677315e+00,3.123398577060268799e+00,1.556724691856697262e+01,1.885350288523640616e-02,6.483101945627218754e-01,2.233360508954953083e+00,2.464857803918399259e+00,6.829195312450265046e+05,2.135518720936569152e+05,4.861136337225146235e+03,3.965572716589222058e+00
9.090909090909089940e+00,6.676317514832715005e+01,1.957719418402591227e+00,2.580401460492305077e+01,1.075328795386572972e-01,3.795818797801588929e-01,2.002446791108799307e+00,3.658011942477369161e+00,6.068559993870788021e+05,4.749041707951872377e+05,5.881671134622037243e+03,4.760976445659408363e+00,2.330117212065345722e+00,2.956815532208653252e+01,1.072718225643087830e-01,3.796630791797863669e-01,2.978296350726820307e+00,3.657835727449172847e+00,6.505978709505192237e+05,5.335069187858246733e+05,8.469235235672349518e+03,4.762080847599424516e+00
9.191919191919192045e+00,7.707033491613542253e+01,3.794196044063699702e+00,1.155285565526111391e+01,8.676813774182084993e-02,2.690275726167907777e-01,2.096086341298917244e+00,3.264102487902801997e+00,9.580478634969426785e+05,3.176716707278019167e+05,8.284731505968460624e+03,4.930037153993371390e+00,3.807285211585742513e+00,1.687017136379976279e+01,8.636280832539421082e-02,2.674000988848376226e-01,2.220445017258076525e+00,3.090803537164464654e+00,5.810053242377697024e+05,9.455113823690960417e+05,7.867987739191845321e+03,5.147121605097576769e+00
9.292929292929292373e+00,8.083862818470559830e+01,3.278124619353295355e+00,2.189070063330786908e+01,1.030711116591747911e-01,9.999999427904204818e-01,1.351298679745415177e+00,1.999476529015988824e+00,6.663520653635212220e+05,9.584525233806408942e+05,4.651521425017565889e+03,3.309204788017310772e+00,3.433165812953831608e+00,2.596300328009203184e+01,1.030951698180878617e-01,9.995708131071657787e-01,1.716590498002578347e+00,1.997095345656790810e+00,8.005749004709417932e+05,7.391982994587117573e+05,5.734538699710455148e+03,3.307567813263807111e+00
9.393939393939394478e+00,7.334041427429366422e+01,3.880968634580612253e+00,1.513992482843685572e+01,3.472412283912094944e-02,5.888040584392589816e-01,2.186128996720226869e+00,4.242222153623494307e+00,8.726450982408628333e+05,8.505220794687260641e+05,7.021475026670130319e+03,4.876744376875367770e+00,3.902736378668133277e+00,1.475097551221797509e+01,3.442174478863931769e-02,5.888705098544499972e-01,3.125904941442113838e+00,4.127881694384499589e+00,8.804917390085504157e+05,6.105733764358100016e+05,9.206611776522599030e+03,4.892328519916980589e+00
9.494949494949494806e+00,7.163169358344337923e+01,3.253383916969088574e+00,2.548714940324885347e+01,2.104771791630297706e-01,5.090160119725893884e-01,1.421704895556051618e+00,2.350416272781853166e+00,7.391057492381723132e+05,9.062631915454934351e+05,8.471103630363484626e+03,4.728272186800267285e+00,4.043226077054375089e+00,3.195436723341262919e+01,2.103679720114373652e-01,5.081612278725451404e-01,1.963190867137784013e+00,2.356598514395654931e+00,7.117308516255293507e+05,9.780315475783925503e+05,6.795322928457834678e+03,4.685867873198135136e+00
9.595959595959595134e+00,8.187386717097616895e+01,2.987877331725553809e+00,2.573391364682489524e+01,1.928332543434042035e-01,4.439120706519463777e-01,1.855274107883118750e+00,3.165354451668902058e+00,5.988440069142712746e+05,5.869989417616308201e+05,3.516251258079639683e+03,4.175716577197569279e+00,3.218130087954260699e+00,2.337668650625924016e+01,1.512329157642609834e-01,4.396977603574922511e-01,2.682996071932554294e+00,2.795741308138496084e+00,7.848483257620400982e+05,5.810462646914328216e+05,3.163746585870059334e+03,4.156624374350919027e+00
9.696969696969697239e+00,7.664028588063015945e+01,2.395323338318936734e+00,4.045582648149930804e+01,2.033582397312154455e-01,4.826918753755997105e-01,1.418660265327855940e+00,2.339720295330353306e+00,3.707657285420503467e+04,7.624220595904815709e+05,6.359417441908603905e+03,6.495244567162628435e+00,2.546125377774216325e+00,4.205530560014167207e+01,2.033037391503672020e-01,4.824143001858667845e-01,1.419354482384620253e+00,2.331683350890511708e+00,4.426918467952150968e+04,5.902991393979225541e+05,3.927776138404674839e+03,6.641476933547961536e+00
9.797979797979797567e+00,6.672058376970741733e+01,2.464867647128814010e+00,2.926390219833047368e+01,1.626340569949611126e-01,5.551222836781065650e-01,1.625168879089645024e+00,2.328717613814377696e+00,7.391056849386423128e+05,9.239259643649568316e+05,8.471514788620699619e+03,4.859553506920988752e+00,3.147858403772895830e+00,3.145834459963601404e+01,1.626363583567809468e-01,5.542418805239216484e-01,2.130095441103867948e+00,2.327971012647193749e+00,7.117299317380879074e+05,9.809850607454603305e+05,6.793454113153276012e+03,4.859988370514027878e+00
9.898989898989899672e+00,7.714566789732509733e+01,3.337828284506335841e+00,2.598284071735064060e+01,2.485657430638078536e-01,5.336679673141646596e-01,1.782614994669994291e+00,3.431628768045023037e+00,7.850159194077306893e+05,5.708977181235700846e+05,6.748473125006149530e+03,5.007228719184416477e+00,4.066311512532512218e+00,2.581941763012599367e+01,2.485840723292102317e-01,5.348344524597793415e-01,2.187140582662193022e+00,3.410695863094598046e+00,8.630702131838389905e+05,7.330503597911481047e+05,3.539165513117188311e+03,4.957547856819849663e+00
1.000000000000000000e+01,6.697418958066421624e+01,3.591239021786176266e+00,1.506164452993433578e+01,1.225410380003046640e-01,3.702146506708342555e-01,1.772306634507820000e+00,2.940831356945987629e+00,6.210205913994715083e+05,5.515434335018985439e+05,5.475939363883375336e+03,4.932074348892588667e+00,3.685624100756922150e+00,1.502558295224778107e+01,1.224054450112804365e-01,3.720114434262458136e-01,2.612669598783122105e+00,2.938443857193083097e+00,6.734202844356179703e+05,5.472958610269794008e+05,8.748101837952794085e+03,4.977043361742395255e+00
data_h1n1_logged.csv
data_h5n1_logged.csv
