0.000000000000000000e+00,4.785069400635987336e+01,4.879068767316913302e+00,1.548355784418761516e+01,1.576783375085467898e-01,9.975438957775702997e-01,6.839569081268036532e-01,8.495910450815635784e-01,8.166367086345535936e+05,7.235340819400234614e+05,9.257446466244487965e+03,5.249791986923471931e+00,2.975115981544890431e+00,1.981686801290643984e+01,9.505983582140910271e-02,1.779444192117692891e-01,3.397168982669910964e+00,3.929368638527761526e+00,2.557018764199725993e+05,9.642689123923873994e+05,8.442822910439928819e+03,5.283951055149472609e+00
1.010101010101010083e-01,4.703137203477875516e+01,2.574253561142955338e+00,1.662701424494280289e+01,1.197962484730331068e-01,3.496071477288048013e-01,7.280133588388385535e-01,8.609338175112057900e-01,1.900975801469850994e+05,6.401803459878735011e+05,6.143896795653245135e+03,5.452344896165294941e+00,2.146399978766531991e+00,4.584728398924016091e+01,1.082909574370493622e-01,3.528368872278872526e-01,2.508518335815083766e+00,2.768677102800326306e+00,4.441305157257445389e+05,8.142334963753051125e+05,6.693491168563185056e+03,4.604011225129851503e+00
2.020202020202020166e-01,4.600310121619497750e+01,2.481215527907701279e+00,2.304802448663497927e+01,1.284838739939499763e-01,6.648024218996038126e-01,6.585258117845544934e-01,7.274509983438954830e-01,6.828875430621277701e+03,2.680593416540520266e+05,7.829170811152240276e+03,8.956231245487749959e+00,2.294048489559821213e+00,4.132937993723250258e+01,8.772967394452679812e-02,6.679217844471616594e-01,2.841684032665763748e+00,3.001479637951304458e+00,9.584396189296508674e+05,1.444691523053267447e+05,4.827681009556907156e+03,3.499980763493207192e+00
3.030303030303030387e-01,4.619850463928636941e+01,2.018650207455645607e+00,2.150899956771703359e+01,1.165370050465174973e-01,3.549694358626710455e-01,9.275835593693511072e-01,1.272000683270753996e+00,3.726230286264418392e+05,2.734843668635922368e+05,9.671247141583487974e+03,4.861217029552256541e+00,2.730971623014791128e+00,3.371896597519943839e+01,1.370911666886261981e-01,3.580096194046866187e-01,3.097728217386982230e+00,3.670998063757836327e+00,2.843239091517102788e+05,7.902779756001807982e+05,4.061342882815032226e+03,4.812969026736396927e+00
4.040404040404040331e-01,4.732415058798357421e+01,2.276960806930688808e+00,1.883266261268562403e+01,1.150870779072920153e-01,4.272070285925819721e-01,7.519049192019634509e-01,8.619388493041483246e-01,2.550439574482906610e+05,6.773941544754214119e+05,6.813021302952770384e+03,5.078599915675793497e+00,3.114308427789339362e+00,3.124348060790440584e+01,1.140772384256649868e-01,6.831412217337823334e-01,3.881332339263983577e+00,4.501410024293019063e+00,4.987846782810201985e+05,8.320451612777507398e+05,5.305315346393538675e+03,4.635097222216788104e+00
5.050505050505050830e-01,4.824547883579679564e+01,2.028739514241724606e+00,4.247153522754940269e+01,2.039022208410697090e-01,4.432166135964277776e-01,1.034235899201522146e+00,1.808447637570520294e+00,5.604238509551407769e+05,8.265126573566934094e+05,4.452940019330728319e+03,5.494867356441433870e+00,2.411598484058907310e+00,4.258473788351522415e+01,1.279339332086480707e-01,4.393654632360090573e-01,2.848397714081748244e+00,3.880908497028339177e+00,1.353904843597593135e+05,8.415917985342543107e+05,4.927113338531807130e+03,5.457888763399059151e+00
6.060606060606060774e-01,4.688442293259387128e+01,2.712718053911659766e+00,2.438779586861163295e+01,1.272853408900355421e-01,8.833130003575834222e-01,8.345204841537845475e-01,1.217625478291472385e+00,3.668266921847462072e+04,9.203975113357580267e+05,5.145387738895860821e+03,7.058178797922683323e+00,2.729095118020410826e+00,3.115126600345299934e+01,1.274825993815846548e-01,4.082475325989857740e-01,1.869387995849722595e+00,1.943916866959837675e+00,1.623430616320694753e+04,8.427822324272862170e+05,3.083487494102249912e+03,7.681020744553312518e+00
7.070707070707070718e-01,4.524150746070967699e+01,3.846617284534963765e+00,1.160708246817852363e+01,2.801945877041739710e-02,4.216840506730176186e-01,7.900586967556496587e-01,9.554212020610178824e-01,7.492984042919351486e+05,4.391264012272053515e+05,7.461345809096110315e+03,4.460122897862559554e+00,3.884153708451785203e+00,1.462349560816931593e+01,2.792959020075795259e-02,4.729352707579380088e-01,2.594562417375183117e+00,2.726632056889486400e+00,6.970700220156786963e+05,9.717887595824641176e+05,8.450088852751132436e+03,4.698574493649660511e+00
8.080808080808080662e-01,4.689186885124681936e+01,2.501951471853560705e+00,1.959921825406064144e+01,9.560890129889614009e-02,7.170808394481569259e-01,7.379808288635753000e-01,8.299356362605864179e-01,7.733043199025285430e+05,6.196663862206527265e+05,4.364597201484724792e+03,3.407186241298084894e+00,2.504167939604593940e+00,4.161933363533432839e+01,1.007688817166232514e-01,7.132368857489294056e-01,3.134960530503515752e+00,2.983333767915882451e+00,1.780688283716965816e+05,5.470465894166526850e+05,5.380715530548653078e+03,4.822453799671500008e+00
9.090909090909090606e-01,5.126366422037120429e+01,2.593302068085257872e+00,1.300223581829253128e+01,7.758941373762880123e-02,3.326085791940394665e-01,1.150120787235519915e+00,2.628313349842993585e+00,7.261254673071842408e+05,1.390872780478706409e+05,7.925709673042627401e+03,5.810514262262936214e+00,2.571629128884232340e+00,2.531257585824594258e+01,7.800994362078103594e-02,5.395321160165806873e-01,2.756584827891605638e+00,3.074720699875564733e+00,9.195887682066960260e+05,6.482747956035400275e+05,7.879566899656795613e+03,4.471548032627917557e+00
1.010101010101010166e+00,4.152082763603279147e+01,3.238885562732031875e+00,1.417852025250248182e+01,7.001213578043812003e-02,6.075611883457731066e-01,8.155887654910701778e-01,8.805326290397011979e-01,5.339946219874551753e+05,9.422567894741384080e+05,3.014824460845655267e+03,4.403518758233587960e+00,3.222843362384331556e+00,2.013695638645087627e+01,6.987105352268077607e-02,6.128678490457653005e-01,3.843220745683242345e+00,4.212279372489061480e+00,4.683229696845904109e+05,9.387854863956862828e+05,4.264959914744355046e+03,4.582424357249739622e+00
1.111111111111111160e+00,4.942683198131268085e+01,1.752897691784097045e+00,4.448809938576570033e+01,1.665698497569429171e-01,4.116618737061877309e-01,9.322509076039816600e-01,1.442555367272068567e+00,4.294295470432495349e+05,4.412863488584468723e+05,3.784465956197846026e+03,5.045197546630277863e+00,2.069935189853257196e+00,4.832227490566267392e+01,1.250642031075271665e-01,4.075745547011668246e-01,2.147102519187538583e+00,2.477696435579847201e+00,5.514106028235200793e+05,6.582985128812122857e+05,2.432184103722845521e+03,4.353314847543364507e+00
1.212121212121212155e+00,4.366454097809743473e+01,2.915323298995398993e+00,1.201522407617028065e+01,5.933567831264695974e-02,3.618281619815211236e-01,9.291409666826772051e-01,1.072001731683596359e+00,3.548861244640185032e+05,8.520833866917307023e+04,8.528167347366184913e+03,4.185441389293114156e+00,2.898866150368984762e+00,1.814432158881988144e+01,5.935155217321649163e-02,3.630380957792139207e-01,3.511147009091906579e+00,3.941560368662957892e+00,4.440337585543025052e+05,4.524076913185603335e+05,1.563345711597832633e+03,3.913966478184638387e+00
1.313131313131313149e+00,4.628587210588158030e+01,2.448460839334412054e+00,1.366077762292918685e+01,6.379267838222914266e-02,2.872810860172627656e-01,1.226558640158337710e+00,2.082025413085378140e+00,5.418607509917531861e+05,4.509289071020348347e+05,3.889110242268021921e+03,2.541314756261354280e+00,2.457442642202891214e+00,1.998398326673752479e+01,6.382297481213826396e-02,2.880912925046294482e-01,2.087411799073846996e+00,2.089593182418908679e+00,3.902142926202635863e+05,2.613893427237282740e+05,1.294854689692334944e+02,2.566083893115283843e+00
1.414141414141414144e+00,5.121242603037875085e+01,1.776949482402220948e+00,3.741294313600972288e+01,1.331675041731479880e-01,4.767857531122772219e-01,1.149333421374793884e+00,1.836127567675211569e+00,4.904633206508378498e+05,9.801892044530685525e+05,8.617708470997953555e+03,5.826839465598290246e+00,3.224708621403302722e+00,2.352323880275923784e+01,1.318424914759592226e-01,4.024996950789864747e-01,2.519109602583387897e+00,2.818023206381532475e+00,4.058949217274882249e+05,8.454465960505787516e+05,6.673712582292308070e+03,4.920959306751456985e+00
1.515151515151515138e+00,4.540225235378002822e+01,3.375243334919047378e+00,1.510405738551711075e+01,1.170702228032400594e-01,6.127876092656711071e-01,9.533132011878941992e-01,1.352838518551379821e+00,6.306406608405436855e+05,4.984989154273128370e+05,2.947068915436058433e+03,4.611234984979416751e+00,3.420358460667869416e+00,2.443135366632456495e+01,1.182385190348090448e-01,6.146734917129021980e-01,2.451284407239961993e+00,2.538506792971500392e+00,3.363084973984540557e+05,2.270516237587379001e+05,9.706695410977044958e+03,4.584273243388934382e+00
1.616161616161616132e+00,5.102237164031485861e+01,2.593400815788807989e+00,1.141790488804938164e+01,9.965050359858104723e-02,1.772579613604089444e-01,1.094178025734399817e+00,1.956571832373354747e+00,8.704241254522440722e+05,8.424277196508498164e+05,8.475810276319136392e+03,6.430964964061549161e+00,2.587106416494801220e+00,2.338536391460395691e+01,1.006508870544743361e-01,1.773536050234907624e-01,2.058935418022309172e+00,2.000867780868915702e+00,8.002197768736492144e+05,7.801098390163837466e+05,8.154908557947615009e+03,4.415752986815825842e+00
1.717171717171717127e+00,5.003867423226496669e+01,2.399254843845815888e+00,3.191404632956621157e+01,1.767291480059495767e-01,6.894115577775524750e-01,1.089757059771785608e+00,1.903365259615382499e+00,6.268105296934387879e+05,6.911004732316933805e+05,4.363435689881509461e+03,5.349152437057364651e+00,3.410358627300091428e+00,3.342054139473111718e+01,1.767314092050861762e-01,6.837145254841462405e-01,1.638701147793527824e+00,1.917891686249016070e+00,3.249269789419327280e+05,6.265432099729627371e+05,4.396387657802097237e+03,4.904167473547413891e+00
1.818181818181818121e+00,5.009872922531608452e+01,2.122468424538418219e+00,4.029188809457012610e+01,1.304774966808715519e-01,7.258112044041284960e-01,1.243026405508489418e+00,2.065811846056843315e+00,2.050004990615578718e+05,8.845661961203091778e+05,6.256589477248535331e+03,5.787851045489571966e+00,4.681179632704806970e+00,1.875306217543799292e+01,1.291804877961714726e-01,7.195861007078619975e-01,2.074459780013030663e+00,2.066128614053378776e+00,1.031831500122825091e+05,5.567887561120232567e+05,3.360779905625398897e+03,4.993286055728582973e+00
1.919191919191919116e+00,5.143109443916233658e+01,1.935887685718987061e+00,3.385542792994694850e+01,1.247333183273538065e-01,5.788596005757493668e-01,1.234386213453723347e+00,2.052448590375560045e+00,7.287744410428490955e+05,1.609597166152235586e+05,8.683113768510724185e+03,4.634186286475600269e+00,3.067779662558840048e+00,2.372676248937394661e+01,9.332881489451602675e-02,5.731003542534154338e-01,2.189483692212134347e+00,2.252927772493487524e+00,4.939211615881531034e+05,6.464920603701040382e+05,6.007038608824514085e+03,4.514585575298187159e+00
2.020202020202020332e+00,4.828795630112315962e+01,2.299067342079419873e+00,1.880885697757620179e+01,8.150523595668891785e-02,5.300120950459840108e-01,1.167162743938992664e+00,1.834709820436307259e+00,2.505848914094848151e+05,8.068612618419881910e+05,3.597187259023090064e+03,4.126251152658226395e+00,3.199850864328997790e+00,1.978636712020413313e+01,8.146680179684002987e-02,5.282231854916922265e-01,1.764086263068933569e+00,1.853148888648260550e+00,5.498881941361452918e+05,8.847264318466001423e+05,1.450670755387407553e+03,4.091172649698299857e+00
2.121212121212121104e+00,5.262882106532183002e+01,2.759421727286949899e+00,1.981404187566185726e+01,1.396688974506030134e-01,4.805780543935892490e-01,1.180191776644881729e+00,2.116353197197363034e+00,3.253352955932032783e+05,8.884992653212340083e+05,9.674032967051953165e+03,6.193096348441872401e+00,4.546561254052251755e+00,1.844016094901522962e+01,1.396016894695430444e-01,4.782923037120531129e-01,2.153811754056275340e+00,2.149138627231414578e+00,5.037090369695631089e+05,8.075246574560932349e+05,5.579388704627987863e+03,4.667905940729568215e+00
2.222222222222222321e+00,5.258487574293052802e+01,1.863580277722042711e+00,3.426585784287281911e+01,1.283200117069958623e-01,4.911740313769137889e-01,1.274305126423929568e+00,2.228435296974367041e+00,4.904630717383850133e+05,9.801886150386261288e+05,8.616212711374852006e+03,5.738392078033406563e+00,2.698309453191590990e+00,2.780197446411601803e+01,1.112947819551795975e-01,4.890083500655911242e-01,2.721350487556593034e+00,3.133857569249941299e+00,4.058937514603745658e+05,8.038509345432359260e+05,6.283825033884470940e+03,4.947276600118998502e+00
2.323232323232323093e+00,4.798727184893525077e+01,2.471685520517634682e+00,2.167137756261577053e+01,1.537671693117771687e-01,3.781566065333550331e-01,9.857849969600623874e-01,1.510360970835775030e+00,6.074908201165308856e+04,6.153233141061264323e+05,6.251176218092986346e+03,6.540292215178383550e+00,3.789452867917853851e+00,2.176401646744684371e+01,1.522721615223553149e-01,3.776363490409850310e-01,1.799330277115948951e+00,1.862761070693169652e+00,3.063182576303949463e+05,5.822573933709254488e+05,6.434371497843015277e+03,4.842249619442011266e+00
2.424242424242424310e+00,4.836156055453076164e+01,1.721953452068416324e+00,2.513689265402616257e+01,9.077663658621257237e-02,4.304333566609094830e-01,1.223709075427102722e+00,1.990662028181720000e+00,1.172900904606054683e+05,1.976907289913413115e+05,6.943102540487140686e+03,4.396827619044342050e+00,2.380580560227395281e+00,2.525086614757605474e+01,9.118258342287072216e-02,4.323325965797903403e-01,2.214999327123409856e+00,2.543180426964974927e+00,4.838878447335425299e+05,2.040784837011225754e+05,6.400538641222187835e+03,4.353078418873104205e+00
2.525252525252525082e+00,4.460595024051164614e+01,3.570587751355536188e+00,1.218284898088006685e+01,8.227397884545846474e-02,3.828167794304792038e-01,1.117994705165863412e+00,1.576934489126761596e+00,8.901678695769704645e+05,7.765786835012453375e+05,4.743248614743418329e+03,4.047701800523545224e+00,3.559180874931712424e+00,1.800636833634221645e+01,8.286464428856170350e-02,3.836550213664256526e-01,2.751395392443242827e+00,2.813205158732242417e+00,6.920039635115766432e+05,3.648200932763981982e+05,4.701369939744729891e+03,4.007426252658244259e+00
2.626262626262626299e+00,5.581111749605425132e+01,2.263865210116249305e+00,4.490590935845045806e+01,1.174996257431534380e-01,1.000000000000000000e+00,1.467713693174022671e+00,2.601882762772203872e+00,4.755932893323685275e+05,5.579069787922422402e+05,9.035180214178366441e+03,3.601894259232214068e+00,2.964117463407492270e+00,3.316959255773132753e+01,1.163805451245780720e-01,7.051305615230309964e-01,2.274787476964847066e+00,2.596436329352268313e+00,3.726611546352055157e+05,5.237429066751887440e+05,8.671728300416341881e+03,4.841558939744789569e+00
2.727272727272727071e+00,4.573829181820262590e+01,3.025444933887122545e+00,1.685529935660327538e+01,1.072658146400558982e-01,5.891257603001277543e-01,1.060285265247667974e+00,1.900981568975378622e+00,3.697886186612716410e+05,2.599771009524383990e+05,2.936125161403957918e+03,4.999864277385263733e+00,3.034994513107699188e+00,2.713779195609463102e+01,1.074147186871249882e-01,5.872114411751647722e-01,2.174092499338251994e+00,2.135537079347957778e+00,1.236563337032388663e+05,9.283189017902617343e+05,3.597610261937473751e+03,4.979467553771668165e+00
2.828282828282828287e+00,6.263675637806702667e+01,2.698277988134886840e+00,3.060392360308853910e+01,2.349034291556744980e-01,5.012746055400532086e-01,1.588769799643785507e+00,3.327908388657955019e+00,4.509210765828566509e+05,5.155174575860624900e+05,4.275092252961209851e+03,5.331244981900935542e+00,3.749082519771123945e+00,3.583698848512225510e+01,2.349029880309745077e-01,4.994242139128166613e-01,2.709072411782244671e+00,3.356804586748018071e+00,6.021074770062626339e+05,6.448111620066829491e+05,3.696634817395054597e+03,4.549666791250368547e+00
2.929292929292929060e+00,4.715734007576648423e+01,3.245326090864222746e+00,1.747754708177550143e+01,1.341918492243188155e-01,7.619328751796482502e-01,9.682936100587954398e-01,1.425103738147253107e+00,7.358604961774480762e+05,8.620613109517039265e+05,7.733058384829050738e+03,5.477858511086558302e+00,2.774953399010718691e+00,4.910283012452249096e+01,1.342968526053857636e-01,7.638506264962846570e-01,3.482751903043916464e+00,4.166764257648568837e+00,8.654550781190843554e+05,6.545674649752911646e+05,6.585392341490120998e+03,4.532859283468582134e+00
3.030303030303030276e+00,4.902053074809388988e+01,1.929949978207420980e+00,3.747291442412073081e+01,1.230739839645274836e-01,6.264860207742530829e-01,1.352333417436635932e+00,2.239321733496303146e+00,3.634399051239559776e+05,8.340353846938300412e+05,7.098913548924172574e+03,5.519959891626489146e+00,4.318257432524619688e+00,2.019861279343408000e+01,1.230704026056874262e-01,6.314491259230256004e-01,1.988377857378682556e+00,2.250819648612587986e+00,1.164175778239136998e+05,6.619136946473232238e+05,5.580191176285934489e+03,5.465036052318872350e+00
3.131313131313131048e+00,5.895164837631340049e+01,3.236648086492600385e+00,1.639613007630546804e+01,1.478851189410613221e-01,4.481690939642041793e-01,1.118205832186830007e+00,1.477354446811810273e+00,5.795417475953802932e+05,5.461492018019377720e+05,6.421953393217143457e+03,4.951570637786000262e+00,3.146751872443505071e+00,3.120508175319358912e+01,1.491478075824649585e-01,3.797268729702178991e-01,1.129439726272974287e+00,1.232432191543394673e+00,6.548651000228223857e+05,9.174608203462868696e+05,3.169983545134378346e+03,4.263437139533414744e+00
3.232323232323232265e+00,5.356616039328547174e+01,1.891395292005545903e+00,3.873749906825351275e+01,1.528920400374383648e-01,4.448844902534153101e-01,1.295069192807415392e+00,2.102625830250140826e+00,4.904652615726448712e+05,9.821844389056301443e+05,6.705358420989272418e+03,5.382195775463631371e+00,2.803138031590284296e+00,2.484974825873615956e+01,1.138326232003570304e-01,4.453624174513152734e-01,2.262951032651415506e+00,2.264171659469881970e+00,3.260646782879500533e+05,8.038508579014049610e+05,6.839721544037919557e+03,4.958119784958211262e+00
3.333333333333333481e+00,5.335967814099571171e+01,1.966416750689316650e+00,2.412922461636951610e+01,1.097296977959330289e-01,5.703661354292700603e-01,1.682066707861378241e+00,3.172574261744527835e+00,3.423571567473148461e+05,1.407385923263696895e+05,4.673689759740657792e+03,4.933312474082490517e+00,2.714227216656583952e+00,3.241968953519099728e+01,1.108061346684851289e-01,5.693957985843464131e-01,2.687836531758279524e+00,3.173644203110991935e+00,5.477042644155242015e+05,2.306034190332717553e+05,4.975068161454760229e+03,4.112516431201134637e+00
3.434343434343434254e+00,4.684885990513453180e+01,2.234131182510304292e+00,1.558758567936386008e+01,9.172354273931247748e-02,3.318290108702494079e-01,1.190483748262424868e+00,1.796867401249480745e+00,9.117817852552200202e+04,4.333217972881224705e+05,8.077444684766561295e+03,4.253136080785692386e+00,2.236845159926796445e+00,2.774260593221871929e+01,9.185977913233712988e-02,3.317492220887438559e-01,1.753084107166890560e+00,1.808696372826962939e+00,1.206781443603247026e+05,2.637895948234701063e+05,1.759675632948883958e+03,4.252898634106529130e+00
3.535353535353535470e+00,5.590948297980069981e+01,3.898405616006780594e+00,1.273647128811463425e+01,1.181245411616844015e-01,5.267069087397922011e-01,1.388203889578906169e+00,2.376535910774756122e+00,5.230920829055465874e+05,6.948488652379676932e+05,6.607788688367351824e+03,5.078673429223208302e+00,3.521462818766244229e+00,2.179867184559476812e+01,1.180306102130240786e-01,5.293058150366333203e-01,2.017492337242202449e+00,2.400364365872988515e+00,7.553019312658292474e+05,4.453850757967556710e+05,3.517519802561533197e+03,4.239777202312692062e+00
3.636363636363636243e+00,5.384977401525979701e+01,1.893472815545861332e+00,3.328678123630511720e+01,1.265776728170156795e-01,4.464376039863959256e-01,1.363315525623562952e+00,2.394305672032311705e+00,9.828326658262275159e+05,5.507617065108958632e+05,2.244501553789200898e+03,4.211132988215307904e+00,3.003247420276738744e+00,2.471163666561817962e+01,1.253186086485480188e-01,4.470251400930578267e-01,2.087225040123460218e+00,2.079210735447547087e+00,7.394489924201354152e+05,9.099438499629742000e+05,3.150202248467928712e+03,4.301133009078776936e+00
3.737373737373737459e+00,6.425675954455584815e+01,3.414040930852187294e+00,2.097262683369497793e+01,2.043076490639897380e-01,5.614458860675752838e-01,1.446042698618481781e+00,2.785221400287364535e+00,7.116820283354970161e+05,5.014694017559788190e+05,6.612520992021934035e+03,4.862883391117877707e+00,3.539345156469725140e+00,2.391404361867383344e+01,1.663912610933587777e-01,5.558606917942716663e-01,2.126114212303843676e+00,3.037681839858261679e+00,6.454369532130727312e+05,4.449698398058948223e+05,5.355855481749541468e+03,4.840453190601387234e+00
3.838383838383838231e+00,5.652333202585893446e+01,2.060945812847750691e+00,2.775042329518475626e+01,1.379473857357726152e-01,6.002307026935737033e-01,1.587281278483796632e+00,3.681825464093972489e+00,4.850664164423159673e+05,7.304663170837465441e+05,5.547804254832763036e+03,4.560062125940520517e+00,3.292424371985493536e+00,2.779232947911024709e+01,1.378606072417077610e-01,6.061291087784328457e-01,2.858840372063923052e+00,3.687159297895073795e+00,7.013178095046929084e+05,4.652022375358712161e+05,7.596248879422951177e+03,4.675346209301579847e+00
3.939393939393939448e+00,5.565430691876507296e+01,2.512862157919147243e+00,3.172074972168724116e+01,1.866060262652969870e-01,6.217324355012964210e-01,1.663725693416242990e+00,3.254090447309135214e+00,6.012669845915304031e+05,2.429766707912444836e+05,7.930179448845658044e+03,4.748411760460110820e+00,3.619001787960550942e+00,3.506322939034936326e+01,1.867482762477207792e-01,6.213422123913910911e-01,2.542750242113531289e+00,3.248337995031533421e+00,8.145238293703804957e+05,6.636530905969223240e+05,7.909183265413904337e+03,4.701163917087617605e+00
4.040404040404040664e+00,6.026687208739335233e+01,2.994364534871198469e+00,2.093766107171148505e+01,1.764286304232904889e-01,3.774913730315047622e-01,1.500832627800108066e+00,2.717238888817694598e+00,7.225300606213985011e+05,5.014695270551035064e+05,7.195253168369586092e+03,4.866896877735896965e+00,3.955780416388217091e+00,2.118019150438800580e+01,1.763924896782877727e-01,3.774443544517515070e-01,2.113553171112831475e+00,2.593216823725672970e+00,5.266619323394099483e+05,5.885420218198562507e+05,5.283388555648522924e+03,4.844975362122045048e+00
4.141414141414140992e+00,5.403660633173791439e+01,3.679936133285246047e+00,1.264559087658764547e+01,1.249068987887202997e-01,4.214649776143360449e-01,1.294011067106567436e+00,2.237449429658569411e+00,6.202419063125486718e+05,7.183065994912191527e+05,4.423379529901063506e+03,5.264003318080179739e+00,3.701061333924633878e+00,2.418549041904913466e+01,1.261622430844319964e-01,4.252240221373633222e-01,2.820709119031661327e+00,3.053340887885925614e+00,3.234971795180148911e+05,5.047180657612825162e+05,2.168500123868361243e+03,4.088037878085575727e+00
4.242424242424242209e+00,6.215257048291599062e+01,2.593961473911480464e+00,3.714048514079119201e+01,2.607924946157210155e-01,5.852750601602721980e-01,1.291502295979819914e+00,2.353370384660037562e+00,8.787301524754341226e+05,2.178623863817140809e+05,9.398696795257163103e+03,4.826796288439124893e+00,3.487416232796771709e+00,4.576644989562684884e+01,2.606969784163861714e-01,5.856635783825050456e-01,1.690854826880366257e+00,2.345976540871393290e+00,8.714450576611135621e+05,2.130018912037418631e+05,5.104852483932687392e+03,4.330314904314717772e+00
4.343434343434343425e+00,4.507451328820913972e+01,3.045583733488261835e+00,1.096903044621382151e+01,2.005743716727982628e-02,2.013539566691063543e-01,1.068428508433531654e+00,1.505902117820855146e+00,4.690631893732407480e+05,1.171573738345049642e+05,3.210756862012384772e+03,3.927053663932360106e+00,3.030954056409608022e+00,1.233131161927417807e+01,2.017562277379025826e-02,2.020007561415995134e-01,1.688195470569608281e+00,1.509153198281688146e+00,8.112084900480656652e+05,1.643845741539991868e+05,8.986756265126496146e+03,3.920677825330692645e+00
4.444444444444444642e+00,6.001466169040918430e+01,1.175215688674012826e+00,4.154648397763651246e+01,7.549687113083386469e-02,3.805576579385724356e-01,2.023679401160210833e+00,4.026521778325643730e+00,7.998791904691901291e+05,6.047037357275184477e+05,4.211456909079733123e+03,4.650698473391880583e+00,1.933723126325870734e+00,2.556658922886022012e+01,7.474642786727619947e-02,3.775880627235263520e-01,3.664594788426300376e+00,4.015842506826235336e+00,6.164563823880275013e+05,6.133826373927392997e+05,3.680484819643825631e+03,4.306648501604859014e+00
4.545454545454544970e+00,5.951850052633072607e+01,2.013710136200444811e+00,3.828378128174299633e+01,1.227710976729412540e-01,6.969143203049036339e-01,1.864444816895288959e+00,3.383790136096318069e+00,4.169242757890934008e+05,5.241170230905118515e+05,2.580542519885766069e+03,5.159596601222752987e+00,2.303177356626529448e+00,4.141952071605248165e+01,9.333632143199431519e-02,6.304006893660889510e-01,3.011831601611376641e+00,3.350380846925276934e+00,3.415196460490130703e+05,4.314801383472036687e+05,3.699274765859435320e+03,4.309100118895932141e+00
4.646464646464646187e+00,5.440167515169238044e+01,4.457710512083170151e+00,9.706760813915083830e+00,9.164989104697544853e-02,1.914926154179761864e-01,1.032900857065465638e+00,1.134526807019022865e+00,5.478919947903868742e+05,2.398904063023758936e+05,3.903317767289503536e+03,3.695623663981744134e+00,4.291292982718112548e+00,1.597506551226731730e+01,9.210778968868876815e-02,1.901968603193008867e-01,1.265955939976291855e+00,1.145929012714934414e+00,7.710978491620603018e+05,5.471399623676522169e+05,5.115576081759452791e+03,4.105216304032811792e+00
4.747474747474747403e+00,5.347930419568974969e+01,1.812341527693518861e+00,4.602424439624303432e+01,1.385897922484517208e-01,5.604691380340125484e-01,1.436080641792043977e+00,2.313372164131895836e+00,6.190133428219554480e+05,2.346714603537464864e+05,6.372572181383276984e+03,4.774148579459057906e+00,3.716308180368461223e+00,2.174520311312234000e+01,1.373138334419840845e-01,5.623581304028526517e-01,1.881666840241081218e+00,2.315174380237026153e+00,3.803454260023290990e+05,4.077766061012481223e+05,6.944863471167127500e+03,4.921475370441537933e+00
4.848484848484848619e+00,5.910289206888263891e+01,2.103180013042532881e+00,4.233148386680092301e+01,1.672465725775814926e-01,5.918017091950896758e-01,1.826627828742865445e+00,3.625119065328711088e+00,4.668914022789807059e+05,3.585490616809122148e+05,5.601407839839223016e+03,4.834306587122433108e+00,3.065666757106696227e+00,4.493307928229014436e+01,1.672464187098553767e-01,5.916724257512369078e-01,3.040496033100410500e+00,3.645387309661876962e+00,4.226174974874742911e+05,3.452006025671495590e+05,6.961192704345685343e+03,4.544805468363700029e+00
4.949494949494949836e+00,6.088887468797219782e+01,2.973552977292336585e+00,2.404752193167237451e+01,2.453111387007803901e-01,4.623449531109527499e-01,1.410986311385712622e+00,2.913840495841490075e+00,8.817604041778276442e+05,6.323035481531377882e+05,7.336655431490184128e+03,5.634843576610786720e+00,3.432147191150187293e+00,2.538010561209572558e+01,1.798572087294826038e-01,4.632148892738034429e-01,2.184285380219947115e+00,2.497618032537097577e+00,8.149701755248878617e+05,5.825909235270351637e+05,7.315319068578871338e+03,4.675056863053820067e+00
5.050505050505050164e+00,6.401910133731334440e+01,3.703710573183558896e+00,1.932035128195002471e+01,2.236033025502246474e-01,6.310591195126631359e-01,1.806405422924355575e+00,4.212824222543572361e+00,8.136039410868401174e+05,6.089938405621459242e+05,2.994520710464320018e+03,4.139181655526870784e+00,3.703661105040336299e+00,4.180888982673627652e+01,2.250693389277142187e-01,4.267442669642547703e-01,3.474514081448029756e+00,4.172914527930913664e+00,5.889784206925282488e+05,5.028391752216285677e+05,2.991365841587070918e+03,4.151240482070175375e+00
5.151515151515151381e+00,6.346782211528829976e+01,2.693375767465839843e+00,3.091874037098517647e+01,2.571369024828653038e-01,4.946711741259211537e-01,1.460150962556542531e+00,2.785142077078996969e+00,6.697220750051332870e+05,7.221343559172953246e+05,3.963916540403288309e+03,4.867462533590005691e+00,3.666027048309437486e+00,4.575008291027790364e+01,2.574059221622189142e-01,4.947090591372516055e-01,2.150942136483493083e+00,2.794326355029964848e+00,4.020358598439074121e+05,6.662675687291882932e+05,3.853032358944026782e+03,4.793258008637850232e+00
5.252525252525252597e+00,5.035888590147729360e+01,3.083894683692575356e+00,1.319655818350816290e+01,4.143136881404640287e-02,3.556130896750698267e-01,1.527949752082960577e+00,2.575232426192644919e+00,6.112367913838992827e+05,1.832130618451513874e+05,3.041142004030214139e+03,4.053950653574241336e+00,3.142397999099963979e+00,1.430223499932038855e+01,4.145013362632787163e-02,3.560913037295057038e-01,2.560118901597729479e+00,2.601113959526645925e+00,8.112273898673427757e+05,1.712088318579246989e+05,8.970043804941222334e+03,4.047620082780639450e+00
5.353535353535353813e+00,5.258641741420021276e+01,1.760698062915319051e+00,4.280707466148589191e+01,1.607830093241089109e-01,3.524256469083499876e-01,1.286670459942344635e+00,2.065169779167455921e+00,4.899788532204517396e+05,9.929461830857441528e+05,6.305051555356550125e+03,5.378391384803453690e+00,3.537938652812247398e+00,2.098897072341391379e+01,1.607272400040494487e-01,3.494831415395821539e-01,1.961865089629621250e+00,2.186268582860626086e+00,4.701571523681776016e+05,9.877790023954957724e+05,8.075041962899709688e+03,5.237064079508373382e+00
5.454545454545454142e+00,6.289448198297778703e+01,2.689274898153722226e+00,2.552009891339418246e+01,1.953860997012497602e-01,4.674159312707337754e-01,1.838396569172440653e+00,3.575438691915270528e+00,6.770624183348438237e+05,5.014665452997141401e+05,6.615417047762932270e+03,4.253367967852186737e+00,3.937577778347593593e+00,2.931110250242449666e+01,1.953718528714785685e-01,4.673143903565395996e-01,3.001827834726073174e+00,3.576103721357185794e+00,7.364354386841061059e+05,4.054898461623585899e+05,5.354854092605897677e+03,4.251181749367229479e+00
5.555555555555555358e+00,4.795289238160081879e+01,2.145094875218766628e+00,3.628165423472372453e+01,1.434455411245658119e-01,6.751272285571666698e-01,1.234097335836906506e+00,1.928788450115327180e+00,6.190164488498346182e+05,2.346674815297757159e+05,6.372091641290548068e+03,4.696532377918601675e+00,3.877067843374759182e+00,2.376600364028329082e+01,1.432622562168644476e-01,6.748939208856801208e-01,1.770041841265663551e+00,1.928667075087376448e+00,3.803341670616164920e+05,4.077670954111540341e+05,6.948482625588878363e+03,4.701314967461967420e+00
5.656565656565656575e+00,5.805760045667366853e+01,2.153233412475294095e+00,3.170457281889842704e+01,1.141422287379712797e-01,5.976670405614179504e-01,1.730429317872235861e+00,3.057720443951763567e+00,4.025906592204087065e+05,5.942108329207467614e+05,7.395389225806716240e+03,5.265488184217895551e+00,3.034231768454342504e+00,2.351265770354627804e+01,1.144014489853221045e-01,5.877350077569452047e-01,2.648702858473145128e+00,3.074122741137891079e+00,4.281434193763108924e+05,8.916335606659670593e+05,8.521301399844509433e+03,5.213095430204681691e+00
5.757575757575757791e+00,5.867200463383657905e+01,2.285080180614201151e+00,3.464339363453963472e+01,1.690159846227618223e-01,6.383268371902596217e-01,1.734923776304440723e+00,3.352048569358707653e+00,4.668784694474264397e+05,3.585331973554400029e+05,5.609493363273770228e+03,4.691284510024680721e+00,3.104946441443465766e+00,4.249864087016823078e+01,1.729788706813610299e-01,6.379037596733341253e-01,2.746329134996549293e+00,3.356274586218303213e+00,4.226347001366846380e+05,3.452328243615228566e+05,6.974126466689991503e+03,4.687734906261056267e+00
5.858585858585858119e+00,6.003913478337223353e+01,2.283574597398879469e+00,3.032550223350289187e+01,1.205064187656461616e-01,6.549375865409889919e-01,1.767945027441638617e+00,3.121842081242390154e+00,9.011716875934075797e+05,4.225792988409227110e+05,7.254478751914016357e+03,4.560445172550296355e+00,2.306521800829945956e+00,3.175979339585534689e+01,8.073151723815738534e-02,6.150360880576060119e-01,3.068462327567698988e+00,3.181939363043144731e+00,7.799434414913509972e+05,5.712332042303021299e+05,8.950007424982966768e+03,4.434409261689974180e+00
5.959595959595959336e+00,5.103654953829822460e+01,1.895439810341351228e+00,3.649792767332633758e+01,1.710380906935665413e-01,3.978498007335974918e-01,1.365408059533503193e+00,2.349083601485805417e+00,4.196524943505519768e+05,2.226674354498229222e+05,2.342698476205713632e+03,4.329044444754616805e+00,2.932544258575298990e+00,4.138280626072585022e+01,1.712831955762967318e-01,3.969236516522127167e-01,2.216935104700241688e+00,2.359554185572806606e+00,4.805610709921498201e+05,2.867023003509923583e+05,6.852315082204125247e+03,4.325625787037476577e+00
6.060606060606060552e+00,5.180181818978628883e+01,2.167515402880697550e+00,4.032321806452529955e+01,1.419811032145546215e-01,6.043836050722897202e-01,1.209442049277114073e+00,1.746373986367310671e+00,8.760070092550229747e+05,9.468484352923244005e+05,5.850288530501979039e+03,4.653736582367440811e+00,3.157036196894873026e+00,2.761123465806740995e+01,1.412829161981303261e-01,6.002090967841176017e-01,1.491469170299749125e+00,1.747739734209824869e+00,5.015301957747057895e+05,9.129422076299343025e+05,2.908781935242517193e+03,4.653151305095035717e+00
6.161616161616161769e+00,6.136704576876019246e+01,3.386212414582450592e+00,1.451274116753528354e+01,4.222095229968431812e-02,5.301377700055711628e-01,2.071405529938992185e+00,4.326255128961212115e+00,6.977114860278654378e+05,7.670153269149531843e+05,5.618159942424792462e+03,5.428797907397127531e+00,3.411105872041233500e+00,1.536604290329698941e+01,4.222479203867048059e-02,5.301381576256732897e-01,3.740669121332847791e+00,4.445089929187391320e+00,6.662138649935208960e+05,6.314391025921207620e+05,4.448319004205096462e+03,4.599165956608984196e+00
6.262626262626262097e+00,5.825004383147412312e+01,2.588159828220984782e+00,2.258610881960736094e+01,1.332538299365279288e-01,5.761215799196426346e-01,1.511211510747066500e+00,2.657972185197222004e+00,5.540183705109100556e+05,7.581901099584974581e+05,3.793268112197074515e+03,4.743809931243688993e+00,3.116962303691868996e+00,2.621277943657380405e+01,1.330612209792549072e-01,5.747000537632156458e-01,1.895362621124681235e+00,2.634663921877547832e+00,8.051117709546870319e+05,6.678546632398818620e+05,9.905298413232509347e+02,4.003378738588724950e+00
6.363636363636363313e+00,6.311161033846065038e+01,4.015994252730441083e+00,1.425985014151769192e+01,1.461659180760535304e-01,4.725980776563274421e-01,1.612190899909155872e+00,2.966661299106613026e+00,6.310216364586921409e+05,9.785549407351342961e+05,5.472008069693235484e+03,5.650728237985966906e+00,4.172626423399997009e+00,1.795655063215098934e+01,1.461839214011234900e-01,4.531229926565265020e-01,2.299984447704852553e+00,2.383258623881030935e+00,5.448673964394226205e+05,8.787302324826057302e+05,4.394730306682216906e+03,4.754526613959669135e+00
6.464646464646464530e+00,5.849929586474877397e+01,2.173589334628045489e+00,3.726217315689404330e+01,1.594739004967487550e-01,5.330866792473142324e-01,8.456457939268203772e-01,9.732414006361881365e-01,6.838651953880891670e+05,5.632071717834444717e+05,5.052544975205011724e+03,4.566912867169215851e+00,2.762054518605808973e+00,3.666558916171172910e+01,1.596796240349066531e-01,5.214188679918849711e-01,9.448959646027882409e-01,9.758183238513277180e-01,1.753979615153253835e+05,4.117768327873317758e+05,3.457548585544848720e+03,4.730583748506860253e+00
6.565656565656565746e+00,5.322280794635197765e+01,2.116851844626738810e+00,2.534216436844962672e+01,1.162342157195236647e-01,4.932580786654939820e-01,1.460500829883352836e+00,2.250520709755275739e+00,3.288725149757695035e+05,4.166138218298803549e+05,9.122028252253485334e+03,5.259971978997292297e+00,3.465799294279654941e+00,1.978089676476792036e+01,1.161750020447653159e-01,4.894472238529956054e-01,1.996468499982146927e+00,2.247988248924979615e+00,2.868085163547396078e+05,5.375184213484607171e+05,8.652777599037233813e+03,5.138808763728213158e+00
6.666666666666666963e+00,5.956675750331285712e+01,2.961448546634096957e+00,2.269824584607885498e+01,1.721171426455932740e-01,5.104474941289010026e-01,1.608034354227922069e+00,2.606375745970288538e+00,6.770594954707812285e+05,5.014684989527341095e+05,6.616846985710321860e+03,4.560876799464371523e+00,3.791366902816046824e+00,2.352768196968302306e+01,1.721163593664474523e-01,5.095927076682015278e-01,2.139283646266786132e+00,2.599309338697711969e+00,7.364354625854028855e+05,4.054975658576943679e+05,5.358639098855482189e+03,4.515496662271027084e+00
6.767676767676767291e+00,6.227324353582738325e+01,2.510402645630369189e+00,4.711505353167119381e+01,2.041100556462651927e-01,6.101736021372384799e-01,1.606837950998567521e+00,2.405796181987584159e+00,4.899769799334760173e+05,9.929484591115987860e+05,6.310364501503975589e+03,5.129123488220931115e+00,3.663791295191943576e+00,2.799276289931705008e+01,1.641457942832224848e-01,6.101731902814067077e-01,2.189199796398763720e+00,2.853903674232009191e+00,4.701574426911055925e+05,9.877729211369676050e+05,8.071221741354143887e+03,5.133175122337902962e+00
6.868686868686868507e+00,5.184636724670995989e+01,2.405612445170548508e+00,2.147155072331433701e+01,1.039531434836809265e-01,5.343059767365316848e-01,1.567619460803223452e+00,2.740244250358848888e+00,6.170294531163121574e+05,3.177554372572549619e+05,5.877203518227127461e+03,4.711550621874811107e+00,3.106607721993194016e+00,2.290939618579506387e+01,1.039645035670509615e-01,5.343061962744146687e-01,2.283349808012030024e+00,2.740430892186680456e+00,6.657949692799702752e+05,5.335025954167665914e+05,7.892143174890268710e+03,4.710398062908367933e+00
6.969696969696969724e+00,6.824592436937233231e+01,2.392908913915822389e+00,2.517135475179900439e+01,1.171816522152226286e-01,6.050000325160236336e-01,1.119824286319675677e+00,1.523979023330981342e+00,6.770612910489842761e+05,5.014696033767414629e+05,6.616416269726182691e+03,3.110978439125390960e+00,2.984205074435875460e+00,2.842578814426845213e+01,1.171810884056250501e-01,6.048194610327994880e-01,1.343162775644814566e+00,1.517892917701051836e+00,7.364331722137379693e+05,4.054895171322842361e+05,5.355833705515969996e+03,3.136558626920034953e+00
7.070707070707070940e+00,7.450366052331358446e+01,2.991102033782338854e+00,2.628241090324624452e+01,2.661104314420229544e-01,4.532682367809044433e-01,1.873707165362277216e+00,3.930103521925223831e+00,4.542374852613860858e+05,2.535528059040756780e+05,5.074393028170089565e+03,4.866177040569014345e+00,3.805650718789547415e+00,2.767840302021212295e+01,2.661061255831573269e-01,4.552667767106486907e-01,2.445016820202543517e+00,3.893146793338407186e+00,6.635432431790763512e+05,2.921837608080533682e+05,3.240020221305642281e+03,4.716104104794772489e+00
7.171717171717171269e+00,5.599456753488904326e+01,2.720063399389520686e+00,2.046851436363921906e+01,1.171518416724008360e-01,6.099369928347533332e-01,1.858409684123625949e+00,3.621346164863945116e+00,6.068543911637746496e+05,3.151749828718025237e+05,5.877196777362520152e+03,4.724937204220242215e+00,2.918714839942046613e+00,2.877054720396531096e+01,1.171436115234930631e-01,6.099112334534035895e-01,2.964645827314347670e+00,3.625909896268959987e+00,6.506043512228453765e+05,5.335089826533647720e+05,7.727609712069035595e+03,4.720244504053899171e+00
7.272727272727272485e+00,6.249317164285789516e+01,3.133810635419352675e+00,1.889772358166018051e+01,1.865137641603630547e-01,4.191326594946762074e-01,1.807892437551695819e+00,3.144132633212460171e+00,5.902195404340373352e+05,4.891008182020024979e+05,4.673473279555468253e+03,4.827803021468635158e+00,3.695991287916772006e+00,2.559391670698715515e+01,1.877709224654424691e-01,4.232036099419584363e-01,2.303585102306745735e+00,3.135983766000124184e+00,3.460840649006800377e+05,3.121357614968783455e+05,4.717811786071653842e+03,4.776607444046530482e+00
7.373737373737373701e+00,5.429887450692950779e+01,2.439822969690175647e+00,2.110362302916952615e+01,7.527039397426124601e-02,7.301408748253230829e-01,1.701976554087136551e+00,3.423905328470247422e+00,7.188392277115914039e+05,5.101547358769314014e+05,5.800073909048507630e+03,4.405890995631541074e+00,3.629265944727283699e+00,2.019163494191948161e+01,7.517546831906329885e-02,7.303710053355633169e-01,3.410275090440572310e+00,3.455994179630677010e+00,7.459436109314268688e+05,5.343462932951996336e+05,8.618094314492609556e+03,4.362422026011500975e+00
7.474747474747474918e+00,5.507184273001963959e+01,2.240379625311617939e+00,3.055857396753626887e+01,1.174282063974131513e-01,7.550666532929746211e-01,1.793630259693398399e+00,3.493255654231921081e+00,7.391064893189611612e+05,9.062645028574692551e+05,8.472997900416588891e+03,4.760446047060518993e+00,3.050922133351198884e+00,3.227310518530420325e+01,1.174186012229476717e-01,7.523510215078238472e-01,3.127274746326234478e+00,3.493824667665583750e+00,7.117316389003352961e+05,9.780313752465522848e+05,6.795271150851181119e+03,4.713078904356451382e+00
7.575757575757575246e+00,5.953738846790255934e+01,1.918005196566242132e+00,4.404173936286924373e+01,1.618012085360968078e-01,4.309479897038121510e-01,1.622571821268785852e+00,2.627559625995963710e+00,3.390580511633168790e+05,5.558992665499114664e+05,6.353719396699068056e+03,4.912039590731163585e+00,2.645927391457787436e+00,3.887659553781713129e+01,1.617691902725414133e-01,4.308030731043947514e-01,2.872882931478551338e+00,2.627324000798774595e+00,5.160543480470858049e+05,8.904847426681487123e+05,8.129850000958454075e+03,4.910220511052166614e+00
7.676767676767676463e+00,5.858438329281122492e+01,2.831795729081279411e+00,2.780495805993107794e+01,2.138853978935413569e-01,5.215481122455724039e-01,1.436909813688235005e+00,2.592668071849812961e+00,2.008612035861140466e+05,4.914993950364874909e+05,3.096618604849560597e+03,5.314387984236620177e+00,3.119854064084920608e+00,4.680017047072236380e+01,2.130195470630849852e-01,5.175122621613152951e-01,1.903790895159285013e+00,2.575332628208045094e+00,5.660468324081854662e+05,4.887584402924121241e+05,3.135567011062970323e+03,4.417124961988676546e+00
7.777777777777777679e+00,6.000517982013523977e+01,2.967989652733642458e+00,2.512897125848702018e+01,1.776232893632889165e-01,5.214927501048539638e-01,1.515880173105351725e+00,2.273211812381162211e+00,4.301182587770088576e+05,8.084645658098321874e+05,8.045244850089879037e+03,4.700435910602610790e+00,3.614373138107883854e+00,3.144873323892528916e+01,1.760926216500917629e-01,5.210139198931554860e-01,2.069875901354779391e+00,2.261256752169820583e+00,4.962230698532945826e+05,6.256385723293554038e+05,8.803923978918683133e+03,4.700176616714109912e+00
7.878787878787878896e+00,5.932497884540424593e+01,3.067983296086477907e+00,1.939317011596693163e+01,9.465941553380559370e-02,7.459726769405956581e-01,1.855355529779513235e+00,3.259368844043813773e+00,6.000465220422352431e+05,5.741883835533065721e+05,4.403548647576219082e+03,4.726511420256564122e+00,4.199025257716226811e+00,1.850683603615995665e+01,9.449608204052399596e-02,7.385501146532633676e-01,2.742117326198096450e+00,3.289252229183401877e+00,8.313957583867867943e+05,5.836798705834329594e+05,5.070119183283127313e+03,4.444064910076225949e+00
7.979797979797979224e+00,6.034768690866165741e+01,3.190353124418368047e+00,2.705396839758365601e+01,1.704055833266377995e-01,6.296125079306706951e-01,1.320017070407016879e+00,1.769719121283845675e+00,6.154536518152090721e+05,7.179350026416778564e+05,8.963854609111198442e+03,4.650287884856150633e+00,3.218209679839106663e+00,2.837320532676566387e+01,1.427368865262182707e-01,6.268666381172408597e-01,1.787850589624559783e+00,1.769773590900225013e+00,7.314986211898811162e+05,4.537006008127229288e+05,8.480296297286611662e+03,4.412512676768217901e+00
8.080808080808081328e+00,5.750489469245593455e+01,2.442908697648823235e+00,2.901555223405365425e+01,1.640403615719780994e-01,5.247821812586794810e-01,1.661611593702424061e+00,2.683932388754601828e+00,7.391079333311429946e+05,9.062619725554861361e+05,8.655770957266971891e+03,4.821528873907291235e+00,3.123243340722175354e+00,3.503913463920671489e+01,1.634667681670440575e-01,5.227964593764392598e-01,2.388488487166279040e+00,2.657651704450351815e+00,7.117318502304005669e+05,9.780311649337916169e+05,6.794796403583293795e+03,4.793867016226093902e+00
8.181818181818181657e+00,5.570732016593470348e+01,3.572297352733173614e+00,1.456414230959467915e+01,1.246230056379417916e-01,5.233179360657500556e-01,1.564882384198152510e+00,2.645870346349611602e+00,6.068561124895622488e+05,3.151730417913714191e+05,5.878664410146642695e+03,4.753420840964711402e+00,3.757323680114307063e+00,2.264548845385425935e+01,1.246383743623559748e-01,5.237085304994804069e-01,2.006132282435990621e+00,2.643879875736461660e+00,6.506044529921128415e+05,5.335006335368599975e+05,7.723578701623602683e+03,4.755130535564400240e+00
8.282828282828281985e+00,5.426093057094148264e+01,2.642633442001022015e+00,3.067016617331270822e+01,1.696897843745805157e-01,6.501128426195378340e-01,1.208583936381022239e+00,1.680000576817606728e+00,3.707653284923722822e+04,7.624183407613290474e+05,6.353711642201339600e+03,5.882255791664811717e+00,3.346132754303955181e+00,3.150955227601613728e+01,1.696702403265404335e-01,6.497005502354911144e-01,1.457327250836790711e+00,1.680186064462671158e+00,4.427429465538909426e+04,5.903073357626495417e+05,3.929926732213166360e+03,5.874981772695551996e+00
8.383838383838384090e+00,5.057671555703575450e+01,2.116158909852151382e+00,3.022572361123322082e+01,7.991220975841017982e-02,7.965002186820994146e-01,1.432676162854925606e+00,2.110104086532308632e+00,6.663889859036399284e+05,9.569309589316450292e+05,4.650625796659373918e+03,4.827056154819059586e+00,2.417125551757684843e+00,3.006879137575959859e+01,8.000416467367531259e-02,7.897680450492954307e-01,1.963410907101137859e+00,2.095227831055482159e+00,8.005990364124741172e+05,7.392032290673385141e+05,5.737552438401511608e+03,4.577119864977905017e+00
8.484848484848484418e+00,6.237283841959012420e+01,3.184727720267959139e+00,2.126689715373140643e+01,2.136766067466921715e-01,5.022105218839110208e-01,1.459475336690055691e+00,2.672235351144863547e+00,8.234093433826231631e+05,7.329824585042286199e+05,4.269881209475871401e+03,4.197655607086154816e+00,4.033759551524759956e+00,2.933688528122481287e+01,2.137951567355025617e-01,5.021338762176152937e-01,2.100455792731724891e+00,2.849033536646379705e+00,6.788572032813661499e+05,3.102259464113293798e+05,3.798778976095190046e+03,4.198224449026317195e+00
8.585858585858586522e+00,6.395463072787279657e+01,4.183449825875287686e+00,1.265874151489477484e+01,1.220258234854213267e-02,5.246419567625141278e-01,2.136772530440402384e+00,4.333226435726102110e+00,9.563868976745766122e+05,8.503459677325781668e+05,7.019616493580353563e+03,5.337118592891087587e+00,4.659017197986324632e+00,1.272842454124777234e+01,1.214546142934668643e-02,5.245628590986586293e-01,3.336127821842103103e+00,4.343111658127835284e+00,9.423155653566160472e+05,6.106521033622919349e+05,9.182407231283415967e+03,5.021205655994137373e+00
8.686868686868686851e+00,6.075896997502918850e+01,2.792959263801729985e+00,2.835494612615558907e+01,2.152519487751794192e-01,5.021524256631320071e-01,1.519115201536734183e+00,2.458231950271734245e+00,7.391235201498118695e+05,9.062525605730670504e+05,8.464498142939133686e+03,5.082653408547064267e+00,3.315380106187323150e+00,3.510926372784862792e+01,2.152511499552897112e-01,5.035968060621677234e-01,1.935166637416014579e+00,2.467178277872482450e+00,7.117338386105312966e+05,9.780331526334605878e+05,6.794130320883493368e+03,5.086459378072610171e+00
8.787878787878787179e+00,6.616352014323858555e+01,3.262413542032713387e+00,1.220358813385035646e+01,2.442964513923313180e-02,3.921974884364290981e-01,1.398888051617890538e+00,2.575232115300183366e+00,7.280173190107785631e+05,7.515916403215683531e+05,7.155354498128825981e+03,5.841137948027547822e+00,3.274981740425291221e+00,1.033529586394802990e+01,2.418657692614497798e-02,3.920999445328844368e-01,2.133300047982227277e+00,2.560368795292163213e+00,6.360240086417616112e+05,7.921189488178758183e+05,8.680131364458389726e+03,5.828327614999930795e+00
8.888888888888889284e+00,6.505292581636038562e+01,2.387420891563063474e+00,3.937642116140894899e+01,2.211017107429333883e-01,4.179487309181700860e-01,1.653107619580861165e+00,2.604329946529594597e+00,5.104324140784380725e+05,7.532760606484204764e+05,5.914108342062877455e+03,4.777901589119583292e+00,2.990367845946714898e+00,4.651830311023079645e+01,2.203100665811985603e-01,4.184560191865677736e-01,1.787738791435861341e+00,2.606404180937013315e+00,8.091493556177905994e+05,7.894587037197009195e+05,4.490278479304412940e+03,4.748329203757275963e+00
8.989898989898989612e+00,6.141156583293442850e+01,2.688709316506265878e+00,2.332507179588136381e+01,1.623929344309075762e-01,4.455677105016768169e-01,1.796257993759571292e+00,2.847215237573386570e+00,5.637581671443855157e+05,9.475526190033358289e+05,8.634686473746343836e+03,5.380022727969778096e+00,3.250587227116163547e+00,2.549534089261862491e+01,1.607770959024983071e-01,4.453142476145590667e-01,2.180001186683178549e+00,2.852597313384913846e+00,4.296580913031927194e+05,9.901001501371776685e+05,7.260950899991444203e+03,5.369963109273935054e+00
9.090909090909089940e+00,7.103735736278369473e+01,3.498429577285016467e+00,1.605655297892761979e+01,1.717384748893499569e-01,3.677241931411426301e-01,1.740337543931735897e+00,3.063278812547393759e+00,9.565734950029685860e+05,8.505245909652222181e+05,7.027716002528902209e+03,5.280884322303916356e+00,3.661576638466130795e+00,1.613604911839216527e+01,1.835882572527187673e-01,3.694132257625312721e-01,2.606208909272266006e+00,3.075500676448327475e+00,9.423072064178481232e+05,6.105836623480876442e+05,9.168417040404046929e+03,5.294519885843428142e+00
9.191919191919192045e+00,5.709323114942430522e+01,2.368016326650698389e+00,3.457513929817967124e+01,1.868774967839277046e-01,4.900154728782107894e-01,1.588905788483178982e+00,2.521441765152370618e+00,5.775664876661606831e+05,9.062656118084434420e+05,7.495802278100429248e+03,4.855809744686430562e+00,3.144065249806572204e+00,3.432850808532746356e+01,1.870217660277971039e-01,4.887248667645513467e-01,2.033808575468322832e+00,2.527221581220886470e+00,7.117307028307345463e+05,9.780325251210026909e+05,5.258956823903934492e+03,4.896276445736097216e+00
9.292929292929292373e+00,5.584164485968753411e+01,2.454850237992601603e+00,4.189479913066121242e+01,1.304782643675996556e-01,9.999151866940840794e-01,1.737875648700191400e+00,3.067602810001128777e+00,5.903193251094642328e+05,3.553515282733637723e+05,4.352307809666071989e+03,4.321348310243212865e+00,3.254493897451021578e+00,4.230394236367738614e+01,1.311211383539086506e-01,9.987588548066337335e-01,3.655167979772971254e+00,3.620626399559425668e+00,7.565205360374941956e+05,4.635761803147937753e+05,7.808466512246562161e+03,4.291929693497777087e+00
9.393939393939394478e+00,7.215605679109728499e+01,2.610281915333343417e+00,2.729763454733191708e+01,1.492450884423272006e-01,4.375661197260688473e-01,2.083607960917615465e+00,3.141651588513067583e+00,6.466273865677212598e+05,7.163802682685395703e+05,9.130396557971011134e+03,4.643801849468898624e+00,3.071092078800579106e+00,2.526984919735017598e+01,1.484491655592347636e-01,4.375406832350993702e-01,2.729044949221596905e+00,3.065620541546068889e+00,7.315012529228208587e+05,4.407550681310860091e+05,8.477897172714820044e+03,4.597595301022423975e+00
9.494949494949494806e+00,6.621885953394789226e+01,3.353190160051316315e+00,2.230395741572568014e+01,2.142535599175231786e-01,5.118444267318025265e-01,1.822999781882804982e+00,2.939184634976324872e+00,7.391055050191992195e+05,9.062609059191587148e+05,8.899250182993822818e+03,4.956411805256035308e+00,4.004757960136663186e+00,2.887103777434068519e+01,2.138864959234845209e-01,5.121364935959982212e-01,2.366612183828580296e+00,2.941521380492375215e+00,7.117313134901893791e+05,9.780300750270407880e+05,7.293032076055483230e+03,4.956816349936718602e+00
9.595959595959595134e+00,6.048502980760858350e+01,2.377935355765484093e+00,2.927380735828921132e+01,1.539514470578386418e-01,4.968605500382475282e-01,1.713323397609489929e+00,3.111283118624319943e+00,4.131766443328089081e+05,5.888441787781207822e+05,5.810858603756386401e+03,5.505357675488486535e+00,3.395048009228756047e+00,2.792931506525611951e+01,1.524196817501343726e-01,4.939726017770312838e-01,2.202504824336564582e+00,3.098030441403250457e+00,1.592310270997594926e+05,6.798289462501466041e+05,7.212842778868453934e+03,5.506558778495109330e+00
9.696969696969697239e+00,5.583991129316122226e+01,2.697681620171384242e+00,2.700077279289282117e+01,1.208023261352104277e-01,8.379316299625640951e-01,1.830706370552380724e+00,3.227626854208105023e+00,6.124008841916061938e+05,3.757323139679452870e+05,5.872842639544350277e+03,4.704740343744903797e+00,3.198205618018900243e+00,3.143873501621079569e+01,1.207810168114631516e-01,8.380065684619458777e-01,2.648118921296721773e+00,3.239037238959879161e+00,6.674912271948241396e+05,5.335056919896134641e+05,8.101488394140837045e+03,4.691081993950056095e+00
9.797979797979797567e+00,5.316486255821044438e+01,2.617692953429425096e+00,2.511884735214832176e+01,1.541317546840704211e-01,5.990279263185313008e-01,1.548535299695796619e+00,2.621938662121480412e+00,9.579580993286555167e+05,6.940769120788441505e+05,5.176869461803378726e+03,4.929875216464012944e+00,3.040634204118823902e+00,3.801975468738065445e+01,1.541318529652381808e-01,5.988742223838210421e-01,2.229254047154144658e+00,2.621492649899290317e+00,5.388646758340415545e+05,9.473049575436293380e+05,7.581152205426233195e+03,4.931877298782081809e+00
9.898989898989899672e+00,6.674955999078322577e+01,3.292714644236485189e+00,2.371047298178071827e+01,1.995243154110703243e-01,6.171263182020370053e-01,1.761576538525823965e+00,3.185931898074435775e+00,7.692513733497187495e+05,7.680086346883118385e+05,7.422849485605396694e+03,5.398829846181639525e+00,3.894208752750134561e+00,2.357869659941417595e+01,1.989429326963195743e-01,6.187851463578737388e-01,2.144909668345271747e+00,3.025333893611210190e+00,9.524539479044718901e+05,9.737105105416921433e+05,8.140636130449678603e+03,5.365557066901012639e+00
1.000000000000000000e+01,5.000228720523013948e+01,3.023127527665748548e+00,1.825373320245702402e+01,3.615736335317572270e-02,9.647460659618889434e-01,1.570672210685571502e+00,2.384759996031928786e+00,6.209601133912861114e+05,4.749032793013741612e+05,5.870864915632500015e+03,4.605831923536738870e+00,3.023142952292997343e+00,2.066255333310489561e+01,3.615616021953774184e-02,9.647019399235960968e-01,2.175846069780764669e+00,2.384717934273228312e+00,6.940604709737672238e+05,5.335049301555694547e+05,8.458408808371708801e+03,4.605785524291277078e+00
data_h1n1_logged.csv
data_h5n1_logged.csv
