0.000000000000000000e+00,9.026355904959359577e+01,3.713526840298092768e+00,1.526994542174602998e+01,8.305994222167310814e-02,8.160252282130098234e-01,1.047159710609012917e+00,1.748241179750161578e+00,2.594039394157949573e+04,5.586883595541728573e+04,6.387246803301818545e+03,5.779511898578040707e+00,3.687647902427970692e+00,1.540803190098690045e+01,8.389466271766610195e-02,1.902612921569672433e-01,4.482893743457177393e+00,4.578300938176588453e+00,2.642842212833986850e+05,2.716521942134267301e+05,4.912289002211763886e+02,3.347998880504380104e+00
1.010101010101010083e-01,8.705429350855470716e+01,2.349862032125131339e+00,4.193371612459380771e+01,2.201800527787837192e-01,5.549338330303729139e-01,7.423615536395271608e-01,1.001948855524507742e+00,6.548346299055379350e+05,5.134400254463168676e+05,7.932946087284389250e+03,2.562299378333672273e+00,2.354537349094455223e+00,4.165009551775909813e+01,1.014769332533575208e-01,5.592066793387312496e-01,3.094264948371374668e+00,3.561678835142710664e+00,4.396709715627865517e+05,7.742466926482054405e+05,9.645939214104875646e+03,4.908032974750361710e+00
2.020202020202020166e-01,9.045760211428292052e+01,2.076855434849129267e+00,2.351196591714548134e+01,1.384369426460794472e-01,3.968147241980623519e-01,8.484626569944990759e-01,9.816349711222791541e-01,3.376310357428734424e+05,4.637353579461644404e+05,2.222462299663351587e+03,4.432746889995659245e+00,2.970931941354697958e+00,3.366895308328950165e+01,1.393489353211396775e-01,3.928666582707163735e-01,2.162494985284688642e+00,2.357810114368995347e+00,3.002146865245346562e+05,7.422031526419451693e+05,2.340934177729111980e+03,4.238701752918093035e+00
3.030303030303030387e-01,8.574131926649087632e+01,2.275235715720063556e+00,3.705851671892068566e+01,1.431617728550618474e-01,8.346245462725382369e-01,7.591671950599626628e-01,9.594402594406992169e-01,8.479097503140288172e+05,6.039798142356717726e+05,7.197546648546133838e+03,4.888017418984426321e+00,2.270431848885321902e+00,3.221236221191298910e+01,7.905579669210609228e-02,5.797254503243965962e-01,3.560894967867163974e+00,3.942004322495421320e+00,3.267295993948934483e+05,8.331317146202317672e+05,6.445780072615356403e+03,4.937062426954913263e+00
4.040404040404040331e-01,8.892263544511187945e+01,2.433060113710115324e+00,1.535142050382462386e+01,9.642377889731131024e-02,2.846903344323964413e-01,7.421957277328238289e-01,7.999315353522317151e-01,5.606115072208502097e+05,4.680319483592667966e+05,3.037189970066035585e+03,3.780181802728873386e+00,2.437410279586321060e+00,1.874111716081795720e+01,6.352439518928439111e-02,2.829745861141806373e-01,1.906858311683994778e+00,1.810176979785734774e+00,9.857059834045590833e+05,6.381391041375220520e+05,5.192089466739338604e+03,4.095638960520804339e+00
5.050505050505050830e-01,8.975093128107221219e+01,3.069125595600025846e+00,1.762797668031095810e+01,9.357975686180666774e-02,7.650902314569164586e-01,8.080299381707668482e-01,1.061994902054510748e+00,9.890655422251631535e+03,1.294518169615748629e+05,9.293678848945066420e+03,5.096933137476996833e+00,2.310454675895624810e+00,4.880836361681098623e+01,9.325823328409775514e-02,7.575358905334256265e-01,2.197594687892297394e+00,2.135871164428484903e+00,8.792413970188010717e+05,3.694673178610460600e+05,5.171573735380065045e+03,3.940755963228536718e+00
6.060606060606060774e-01,9.170926337640148063e+01,1.746288482807525799e+00,2.435368995193989505e+01,9.663397494695834256e-02,4.400223216842177876e-01,1.604904269660790028e+00,3.040594980924286261e+00,9.192303014833305497e+05,2.006247683130684891e+05,8.027312752732284025e+03,4.796137277181564684e+00,2.337324872927231123e+00,3.122219866394740961e+01,9.741857389085026298e-02,4.380041064679601748e-01,3.338446122686341777e+00,3.967277549741800691e+00,4.750727274346543709e+05,4.034210137255122536e+05,9.654824996642444603e+03,4.748415768193313902e+00
7.070707070707070718e-01,8.612697394506288617e+01,2.748204657024988506e+00,1.398666739077540377e+01,7.014337472613768609e-02,4.060228919404559877e-01,8.001208149185674579e-01,9.860601054439753765e-01,1.759949958938473428e+05,7.729642786932800664e+05,8.139886752588256059e+03,3.949039872345706303e+00,3.466959210097610544e+00,1.721192286933291271e+01,7.011863682716901192e-02,4.060089454635366635e-01,1.912580279059654664e+00,1.869925400111358549e+00,8.973939656900620321e+05,1.962029690515635011e+05,9.719247272605702165e+03,3.942876559864591623e+00
8.080808080808080662e-01,9.185242668519860842e+01,3.233832736347135750e+00,1.599236600735820168e+01,1.652988478875924150e-01,3.413714999955690388e-01,8.644053942596719997e-01,1.170768737095591261e+00,2.022421208264555316e+05,4.148247525953942677e+05,3.469519682371695126e+03,5.162639974792611497e+00,3.250829886046323391e+00,3.525360440526564076e+01,1.777520614058275272e-01,3.405536548442834044e-01,2.672997489539501892e+00,3.229859054568573917e+00,4.507013415257072775e+05,6.114279888549812604e+05,3.636029975665967868e+03,4.419517134760796218e+00
9.090909090909090606e-01,9.052454849199611431e+01,3.148694907745924976e+00,1.459106697713327172e+01,8.172281958870904195e-02,4.031775169530866787e-01,1.036665452803173793e+00,1.715513501486131132e+00,7.335178974249945022e+05,3.262905720250187442e+05,9.331267540069120514e+03,5.062989227768026623e+00,3.495846878643967592e+00,1.849023346574954729e+01,8.172111859849209847e-02,4.072288658073776602e-01,2.669749744940270286e+00,3.045531653211303702e+00,3.364495295180833782e+05,5.223200243544537807e+05,6.020508622148298855e+03,4.722703261839085620e+00
1.010101010101010166e+00,9.067204067477274521e+01,2.392114318271192808e+00,3.267530179112832656e+01,1.519193378260520477e-01,6.792645992218441231e-01,1.132406220795574292e+00,1.621852897207997080e+00,2.515136366679061612e+05,8.405240459765749983e+05,9.077488159151896980e+03,5.625100052985426480e+00,2.400528102977850686e+00,3.901878504619483579e+01,9.927380096655509523e-02,6.726096488753858793e-01,3.268214053152767917e+00,3.614179008408324734e+00,1.254064071162388864e+05,9.482158012644634582e+05,3.504016301065606513e+03,5.255565370219325239e+00
1.111111111111111160e+00,8.778399647917963478e+01,3.990589453086115235e+00,1.321733397992386827e+01,8.235076962843043691e-02,4.523764086078713165e-01,8.488831500070527225e-01,1.159396627036147986e+00,5.606231452066210331e+05,4.680407781409918680e+05,3.023644187775148112e+03,4.485328143373637388e+00,3.984357045715235301e+00,1.656665897773466156e+01,8.249554126831427914e-02,4.517817925899773046e-01,1.953607492213778940e+00,2.503528289305248844e+00,9.857110607258753153e+05,6.381209418769255280e+05,5.774768990991789906e+03,4.648633923496829468e+00
1.212121212121212155e+00,8.959162828263933420e+01,3.469126623205000204e+00,1.314841285281432093e+01,1.048213359427230262e-01,3.373245040716414955e-01,9.399961075705197677e-01,1.357665110080942483e+00,6.265703716931946110e+05,5.238656907255895203e+05,8.378388990145484058e+03,5.224496585773340307e+00,3.439233084839693699e+00,1.901973379722094393e+01,1.038359635458943608e-01,3.210998460974381907e-01,2.138845710470241190e+00,2.176800443469842694e+00,1.460623513828464493e+05,1.170527159676939627e+05,7.049812254075270175e+03,4.501126986138969777e+00
1.313131313131313149e+00,9.326645470986548503e+01,1.874622697520829551e+00,2.479112955452803035e+01,8.777160949369970655e-02,5.630208038628876643e-01,1.125588507323742382e+00,1.710251031105665787e+00,3.854321415086415363e+05,3.009064670738453278e+05,8.436555198776590260e+03,3.515016043573637283e+00,3.160394458273152463e+00,2.097178919220277393e+01,8.748288784327842849e-02,5.661787007378152881e-01,2.299915646247265411e+00,2.670666861073858644e+00,2.368556112171013374e+05,4.199367521660534549e+05,6.213666020413577826e+03,4.975359342031822507e+00
1.414141414141414144e+00,9.366491023525658477e+01,3.271423770127357411e+00,1.905362376509527778e+01,2.002547296906888041e-01,3.449727894609542767e-01,9.708163837913120764e-01,1.353779550532182574e+00,2.993041648508087383e+05,4.142080521131571732e+05,1.665767960872580716e+03,4.374246158070396184e+00,3.260590552133508346e+00,3.634285606641811484e+01,1.985426992549243763e-01,3.434878618232132252e-01,1.616791552274263077e+00,1.672148334005158388e+00,3.259616281093523721e+05,7.252082670965469442e+05,1.737509705411827326e+03,4.282722844353091141e+00
1.515151515151515138e+00,8.914164643720562253e+01,2.679529670340895731e+00,1.842169749507394272e+01,1.261026317185328649e-01,5.407807251696102879e-01,1.113435418372961561e+00,2.248629568949915836e+00,7.356294286417869153e+05,7.884531599515512062e+04,3.482105127111538422e+03,4.036811985605012865e+00,2.681370227667523309e+00,3.702270766695793469e+01,1.264778464300218008e-01,5.418417761095107865e-01,2.650248139346674581e+00,2.796867632238404067e+00,4.484203380722734437e+04,1.178787033015349589e+05,5.281030840771552903e+03,5.090931054309584702e+00
1.616161616161616132e+00,8.552349488644541964e+01,2.495636239647808896e+00,1.367896503634230321e+01,5.360917143060624918e-02,2.971305006150046779e-01,8.609478870435072206e-01,1.319370853090673812e+00,5.239174453438635683e+05,9.256572094771685079e+04,3.323713678176325629e+03,4.084368946058261507e+00,4.090560510040171849e+00,1.370496432926334762e+01,5.337749598179643284e-02,2.969286862285962503e-01,3.574079801754463492e+00,3.922030079429243976e+00,8.702269754843206611e+05,4.561136833644449362e+05,7.549179048474799856e+03,4.403970132147645877e+00
1.717171717171717127e+00,9.207976715037403892e+01,2.443528530630751483e+00,2.077209260621265940e+01,1.422873512153199904e-01,2.800968918473915048e-01,1.084537514893292753e+00,1.685893990118706443e+00,8.129329486933402950e+05,6.789226867197700776e+05,9.205842352026165827e+03,4.404619149031807623e+00,2.456691789047543484e+00,3.146260570853342742e+01,1.410369860378319073e-01,3.357351594273435547e-01,2.307414382600801339e+00,2.465066853497179356e+00,9.075139142157960450e+05,3.018073855457638274e+05,8.696320200171870965e+03,4.396682058737026999e+00
1.818181818181818121e+00,9.315557332551486525e+01,2.274317228148585723e+00,3.172449314644856955e+01,1.753496290486768472e-01,6.045649787346738524e-01,1.280154925325082793e+00,2.322042391851400822e+00,7.494283058086505625e+05,5.109776249695642618e+05,7.432222342610413762e+03,5.284905791508570871e+00,3.317984377394406437e+00,3.204303367928382329e+01,1.750970839854547045e-01,5.872049141597496247e-01,2.009007077581618450e+00,2.319568902033483759e+00,7.228467949903236004e+05,8.038124191964387428e+05,6.675252649272426424e+03,4.701374345949322020e+00
1.919191919191919116e+00,9.913425551128079860e+01,1.839923382593576795e+00,2.619856166265924458e+01,9.741721532808070294e-02,4.664344069493651657e-01,1.984244917928992491e+00,4.375910592422338041e+00,7.139836794196165865e+05,3.643517661926544388e+05,4.604352529494333794e+03,4.114901089160227343e+00,2.180778334727874412e+00,3.079020028487938987e+01,9.685876982975492877e-02,3.565414364065550012e-01,2.620647089255540685e+00,2.833438172845495373e+00,9.232773581463524606e+05,3.613605486124877352e+05,6.028433982667947021e+03,4.093502589806600866e+00
2.020202020202020332e+00,9.334695351239470540e+01,2.772348574785007624e+00,1.990748997984000823e+01,1.363469444151798882e-01,6.760703923351666367e-01,1.259729687112683960e+00,2.299008868569405450e+00,4.012725075937780784e+05,7.987484217871722067e+05,8.481711638940279272e+02,3.387024866842729409e+00,3.648607295324563626e+00,2.874639430213893476e+01,1.360339107395570346e-01,6.828649379109890116e-01,2.503974083882650081e+00,2.880737601020191274e+00,6.401572503135788720e+05,7.190761598596349359e+05,4.361927137528306275e+02,3.376311040359447180e+00
2.121212121212121104e+00,9.671655322279353584e+01,2.919214093637156449e+00,2.400722608694873372e+01,1.947573294760081286e-01,4.423857685251352811e-01,1.277689988379804076e+00,2.145496905012579170e+00,2.897937143490761518e+05,5.020253135283420561e+05,9.811269538703289072e+03,4.426991411236975260e+00,3.137467961906641456e+00,2.748580219152800908e+01,1.582697599391049981e-01,4.397664282108360578e-01,2.527565295330275852e+00,3.017947235864237854e+00,2.892379365925587481e+05,5.361833506153442431e+05,1.969334725936247196e+03,4.471481377346845143e+00
2.222222222222222321e+00,9.795438305870811746e+01,1.635543340488893715e+00,2.075085218496633388e+01,7.358980169876207234e-02,3.616719964321683523e-01,1.811117082202414297e+00,3.448745214157193040e+00,6.926359690256864997e+05,6.036077153587982757e+05,3.191605607258044074e+03,5.017257224475276445e+00,2.241836949812453739e+00,2.435714912257444453e+01,7.362573792099535996e-02,3.616892862146390830e-01,2.898861513523720568e+00,3.038823176533714143e+00,6.721054415655976627e+05,6.975591184092622716e+05,4.791932313954829624e+03,4.341818051427782876e+00
2.323232323232323093e+00,8.891820651762910188e+01,2.531426378795262888e+00,1.379937109636068904e+01,4.856160975539166452e-02,2.528516332500366226e-01,1.012981280414758878e+00,1.523201306812326683e+00,7.768327906715440331e+05,5.245015906656818697e+05,7.340264841647464891e+03,4.839325961435667622e+00,2.556867841588445156e+00,1.453661278110413768e+01,4.852108218396035400e-02,2.504003029516179146e-01,2.042996902150904681e+00,2.207771168678930529e+00,5.998092599072845187e+05,1.598594819895708933e+05,5.739102070193030158e+03,4.163013987631914326e+00
2.424242424242424310e+00,8.765505842194107800e+01,3.977504737172214977e+00,1.518862368755001668e+01,1.177734584076352009e-01,3.670864451959949815e-01,1.281996951716380284e+00,2.232939469494165330e+00,2.836152086600518669e+05,5.023778884313448798e+05,9.803919642042314081e+03,4.296499640537223108e+00,3.984444706669258096e+00,1.866941642193059181e+01,1.180797434689903891e-01,3.681528105248427218e-01,2.101564783202340525e+00,2.246437936577093897e+00,2.943877146077465150e+05,5.361657172883038875e+05,1.971533296430534165e+03,4.253750769545733945e+00
2.525252525252525082e+00,9.605317184562326815e+01,3.897463448313353229e+00,1.573394743720444744e+01,1.390638647159683772e-01,7.334956876707657836e-01,1.259358953146047622e+00,1.897813446112624591e+00,8.072023804115884705e+05,6.457614771362565225e+05,4.590071451493442510e+03,4.877631313244849665e+00,4.206272377652882533e+00,2.317593529350243742e+01,1.395065458021148008e-01,7.346953249512845341e-01,2.299526558917474262e+00,2.222063534248230887e+00,5.332552700637133094e+05,9.965488987289384240e+05,5.934256975739028348e+03,4.648672945995254047e+00
2.626262626262626299e+00,9.011069108640319314e+01,4.089995069296834984e+00,1.078854296781041811e+01,1.037636628439886910e-01,3.621671550642350801e-01,1.301271748688175078e+00,1.888585328459018164e+00,5.684963300606121775e+05,6.682655256070737960e+05,3.825383234465843543e+03,5.169174387309337426e+00,4.409056886428173172e+00,1.567907129131450183e+01,1.039140958598314818e-01,3.606494669644190187e-01,1.790032974378914066e+00,2.028347535480526709e+00,2.400190957456456381e+05,8.870904813731495524e+05,3.827171029778903176e+03,5.117739922881122006e+00
2.727272727272727071e+00,9.756226383732867191e+01,1.583338744877686333e+00,2.313866550684700840e+01,6.545087460721020489e-02,3.359536293891027259e-01,1.197486634605145817e+00,1.789306537903322170e+00,1.706258322416370211e+05,5.472888858933835290e+05,9.802376345503467746e+03,5.193458317245342570e+00,2.510727934236554937e+00,1.545537819586884609e+01,6.530045083037086528e-02,3.363546526058775465e-01,2.187634069119831270e+00,2.167397520158235391e+00,1.455848608396703785e+05,5.361639126922093565e+05,2.426708787831416430e+03,4.923380450490359550e+00
2.828282828282828287e+00,9.920065664688678453e+01,2.656791984843763110e+00,2.131960846628988548e+01,1.545492566946561896e-01,5.459392858084267663e-01,1.433988287264425621e+00,2.686041358570105952e+00,7.608045371659003431e+05,3.089044307743008249e+05,7.958161624791085160e+03,5.249433742979474182e+00,4.301110291056270185e+00,1.962010305524236031e+01,1.545583199714641309e-01,5.412625755922677584e-01,1.938124994274250001e+00,2.024765497095780908e+00,4.815529355433600140e+05,7.054190286556559149e+05,7.304261758295941945e+03,4.908556579353173355e+00
2.929292929292929060e+00,9.022895657265743807e+01,2.153424112826114456e+00,3.975895456820136076e+01,1.684762098290763233e-01,6.097110588711156520e-01,1.538992054395056819e+00,2.650379736672852982e+00,6.799660309112136019e+05,3.864031728229977889e+05,8.489831477548008479e+03,5.100820539660152697e+00,3.246779486502072931e+00,3.948183087144411019e+01,1.683143062515243815e-01,6.155220339879804436e-01,2.726268676430679161e+00,3.027873143992994898e+00,3.949582145942472271e+05,8.427043015420894371e+05,9.655820467084615302e+03,5.058089355385489760e+00
3.030303030303030276e+00,9.867321649778904202e+01,2.020712305545592891e+00,3.824242797385486625e+01,1.575742014674328673e-01,6.143259032700203459e-01,1.645629381230567567e+00,3.413324539882824915e+00,9.589214320626660483e+05,5.347824397587564308e+05,2.842480470688044079e+03,3.511731286892607606e+00,3.383944304346685694e+00,3.356236263746056636e+01,1.576214261860624244e-01,6.141317978421532153e-01,3.313698811814452583e+00,3.723463474445161125e+00,9.000739375567869283e+05,2.643402882335131872e+05,1.925023872158329368e+03,3.478174201207647531e+00
3.131313131313131048e+00,9.451389221725230527e+01,2.641950987421121333e+00,2.061914150364471965e+01,1.466136449957206322e-01,4.249126904972375662e-01,1.347397632898636566e+00,2.395651577874562399e+00,5.868688994186983909e+05,7.474101449713555630e+05,4.115143572084082734e+03,4.228349298347866991e+00,3.284242744725786700e+00,2.509608584892552230e+01,1.466166305692264415e-01,4.240148056289776424e-01,2.536885885718768385e+00,2.769649532142826054e+00,6.175330843980258796e+05,5.852663579320346471e+05,3.092333496558378101e+03,4.262801953761181650e+00
3.232323232323232265e+00,9.446164974456777941e+01,4.629254411658297208e+00,1.139737510823024103e+01,1.133766960286996389e-01,6.493074739655423366e-01,1.811961073716405357e+00,3.382202241925842845e+00,5.554495421389894327e+05,3.191463055040280451e+05,4.962405470096078716e+03,4.776482429370735971e+00,4.595313466515572820e+00,2.056317783930904852e+01,1.137273950615124846e-01,6.529357125654653426e-01,2.877151452981842716e+00,3.385791082069852465e+00,3.925375136481202208e+05,7.596133948964391602e+05,5.361292393696445288e+03,4.736821686604491433e+00
3.333333333333333481e+00,9.204321688672658297e+01,2.052519651799561640e+00,3.884937641081643278e+01,8.722144399898421052e-02,9.093541650565181156e-01,1.253995763141198205e+00,1.951777594167924734e+00,9.589341620757583296e+05,5.347877161048073322e+05,2.835566849878326138e+03,4.185009394613803835e+00,3.681097391301210831e+00,2.137458458696834995e+01,8.640969591260043436e-02,9.094685211997801666e-01,2.232803907657787690e+00,2.363925769109742170e+00,9.000824664130471647e+05,2.643496074469733867e+05,1.913414496421287140e+03,3.508231712188899287e+00
3.434343434343434254e+00,9.248036959419273728e+01,1.865699247831213325e+00,3.851246967726124382e+01,1.159998352763662727e-01,5.965064336204701778e-01,1.572906442577826081e+00,2.863906450828247685e+00,6.548306499692733632e+05,5.134385429350779159e+05,7.932525187366336468e+03,5.237815843867815069e+00,2.379360392404345159e+00,4.254165126199543323e+01,1.148456684171361708e-01,5.931006635673459204e-01,2.765470952842608909e+00,2.888907009941199089e+00,4.396759412726486335e+05,7.742478260610190919e+05,9.646397579971027881e+03,4.990493128889686325e+00
3.535353535353535470e+00,9.109680194073621351e+01,3.082176397389396971e+00,1.725638215878156601e+01,1.434519117128081334e-01,5.534876251141810366e-01,1.105098561356076203e+00,1.608466061386124801e+00,2.853739647056471440e+05,4.545267867435863591e+05,8.090603920508314332e+03,5.121941532990516244e+00,4.296542381304131020e+00,2.123068077606840021e+01,1.434411910657751033e-01,5.100725929015101912e-01,1.606214083792191216e+00,1.600249100526643486e+00,3.514504504113689181e+05,8.831019331237082370e+05,9.853332976774436247e+03,5.070976964628184369e+00
3.636363636363636243e+00,9.638941694607666477e+01,2.237217890956566091e+00,3.258279311397289746e+01,1.847909068210389083e-01,5.169046715942614556e-01,1.698535321115542285e+00,3.502562093032404178e+00,3.863932693688251893e+05,4.654290040554423467e+05,6.097788280850799310e+03,4.956682647333686020e+00,2.860580752752384104e+00,4.578706443947755389e+01,1.848378594432491528e-01,5.170404548543806600e-01,2.923662214748739441e+00,4.184122651757922640e+00,7.442710478554032743e+05,8.286889028381261742e+05,6.157573879751113964e+03,4.972623428148200020e+00
3.737373737373737459e+00,9.228281716434732118e+01,2.977356527880127057e+00,1.569446513095430085e+01,8.701804441893827569e-02,3.510505364803906403e-01,1.850966812819751173e+00,4.195272497908511866e+00,5.784440604842815083e+05,4.816654347236594767e+05,3.271724519272591806e+03,5.486390263373785992e+00,3.004125208896360366e+00,1.578572276118730677e+01,8.669934311017411799e-02,3.478093621129227375e-01,3.299952160967292158e+00,4.223535891308467072e+00,4.397603308780110674e+05,5.212021280793108162e+05,8.582319689674786787e+03,5.431799513089908160e+00
3.838383838383838231e+00,8.834161178740654918e+01,2.806122288509976137e+00,2.350937740419002608e+01,1.536880080221102451e-01,5.202009518804682209e-01,1.152201599997888515e+00,1.817230849475358179e+00,4.843259367300812737e+05,6.399768457193133654e+05,8.978660920712121879e+03,5.212563684415854048e+00,3.859488614067937196e+00,2.344493036064858771e+01,1.530629707359431602e-01,5.202301357071507093e-01,1.656617855810387230e+00,1.823816367730106025e+00,3.392847785378860426e+05,4.802291982806889573e+05,8.398927315335182357e+03,4.902807847700359822e+00
3.939393939393939448e+00,8.663725138373956725e+01,3.567473051568330611e+00,1.364406636891883728e+01,6.558238658053232306e-02,2.939095034472911649e-01,1.275610937113179411e+00,1.947516042562767336e+00,2.852849652325673960e+05,5.851609132795537589e+05,3.901089142649277619e+03,4.867027186635757730e+00,2.884844535219767803e+00,1.375496704828677252e+01,6.566132169369362503e-02,2.955092487334345930e-01,2.297878658142287644e+00,1.951827758505912946e+00,2.490967836727658287e+05,9.797490340336628724e+05,2.873933778026533219e+03,4.825964483597673826e+00
4.040404040404040664e+00,9.209723764845652738e+01,2.919869582978359190e+00,1.164946019561906176e+01,3.555178973626595129e-02,3.904739960604510784e-01,1.309143222522533012e+00,1.909524971996847453e+00,6.607779908944077324e+05,9.048236548727432964e+05,9.166349303604503802e+03,5.546586547496215047e+00,2.770314387739087003e+00,1.786433224160335342e+01,3.556961334700430716e-02,3.909699536010162180e-01,1.692087522882626649e+00,1.909652877867315857e+00,8.162035596044232370e+05,7.848993801005965797e+05,8.795478577581121499e+03,4.539789361096937981e+00
4.141414141414140992e+00,8.834286418871965907e+01,3.152966792384895633e+00,1.458959933123207264e+01,9.151615110155666977e-02,3.980418828517435226e-01,1.572725220298342386e+00,3.056588687285321182e+00,3.108559883153839619e+05,7.995572742438176647e+05,5.963726740181382411e+03,4.689514588549579699e+00,3.752681839244391249e+00,1.636044503018477414e+01,9.140344307208018992e-02,3.980249198830203006e-01,2.933015982033474689e+00,3.046517062123154318e+00,5.372171847001540009e+05,8.054765630587987835e+05,5.182041125749031380e+03,4.681114986162995706e+00
4.242424242424242209e+00,9.624554031485658356e+01,2.657101368379191086e+00,2.924332111076108021e+01,1.988894879893458589e-01,4.478109678830322071e-01,1.443483305038874676e+00,2.591731625078471435e+00,3.233433112877343083e+05,5.364628312870520167e+05,3.910711026529510946e+03,5.209043033879185991e+00,2.882197376368915709e+00,2.917070763973519476e+01,1.683775178636335301e-01,4.451152049160884139e-01,1.982543801862834743e+00,2.565943986306951974e+00,2.489417284644349129e+05,9.782389817771367962e+05,2.887225801836877508e+03,5.245423229061637826e+00
4.343434343434343425e+00,8.732224393520837680e+01,1.853125067207371579e+00,4.465298850401380548e+01,1.583094714706092809e-01,4.494030168460853014e-01,1.307191625374287458e+00,2.411544247242837447e+00,2.416088433727608644e+05,7.398903727117717499e+05,5.739553477635965464e+03,4.866915142568601027e+00,3.081945516139076524e+00,2.728669409064342588e+01,1.567441342177574859e-01,4.511747557184461188e-01,1.972220633469534246e+00,2.417227668410031338e+00,4.440229036748114158e+05,4.614201723062018282e+05,5.768000367763052054e+03,4.840851919559733041e+00
4.444444444444444642e+00,9.598341953656274939e+01,2.686594359779300500e+00,1.912971481279909369e+01,1.344052115860761010e-01,4.935544971977839923e-01,1.723793390456935581e+00,3.274583168036099057e+00,5.952037797118114540e+05,7.708000457092878642e+05,5.840665706315975513e+03,5.731462423796901184e+00,2.826318145503534662e+00,3.135596569814282120e+01,1.340304285103066650e-01,4.939815961231533437e-01,2.751462831285516053e+00,3.259324867705657436e+00,3.205777509787844610e+05,5.866241597728427732e+05,5.574403232080654561e+03,4.909929248677146418e+00
4.545454545454544970e+00,9.333736796996672069e+01,3.353703210587103634e+00,2.107539398411287834e+01,1.971465662252696038e-01,5.453580899213551492e-01,1.387428280778000733e+00,2.415938846764542181e+00,2.843749102436325629e+05,4.671919807159877382e+05,8.213189974078139130e+03,5.625336805526012895e+00,3.368902898987502059e+00,3.407230626910054383e+01,1.972872106807374848e-01,5.408054058409890175e-01,1.657916208386489565e+00,2.410339052050633590e+00,3.514497484982916503e+05,8.831019154611630365e+05,9.873510971060453812e+03,5.609919777508967975e+00
4.646464646464646187e+00,8.511359552272867290e+01,3.872855983588519901e+00,1.335993264088717858e+01,3.776417654228032134e-02,3.368377388920247295e-01,1.206107640465879260e+00,2.233309891203209663e+00,6.433061543796297628e+05,5.422962931736760074e+05,3.143152969267535354e+03,4.836896732577848468e+00,3.849187647196520068e+00,1.191680517816802265e+01,3.776414076233602229e-02,3.344347268112723981e-01,2.458868208138196287e+00,2.253410133374046165e+00,4.519111270652060048e+05,5.211932678213787731e+05,8.642621451881097528e+03,4.823935644728770455e+00
4.747474747474747403e+00,9.866121703972983426e+01,3.306072456800353887e+00,1.750093388569054653e+01,1.604219789443836752e-01,5.343541885946774261e-01,1.463848558064070549e+00,2.779529388938167145e+00,6.370807390628668945e+05,7.872864632994430140e+05,8.123036438820873627e+03,4.444000335208060370e+00,3.821324575273955748e+00,2.773671820703568969e+01,1.604219730116330789e-01,5.343953653380468793e-01,2.381751218754730282e+00,2.904200360354758370e+00,6.185484622520173434e+05,4.043373125580007327e+05,7.466619887360451685e+03,4.444056578623603038e+00
4.848484848484848619e+00,8.842205247082623032e+01,2.069773248661715748e+00,4.503491991272519357e+01,1.402386971022424045e-01,7.164058268214662517e-01,1.262774526706326617e+00,1.946162856140820852e+00,4.109578790206169651e+04,6.488244735932624899e+05,6.282228995853683955e+03,5.441208559057523431e+00,2.947540914936284118e+00,4.740720540916136372e+01,1.409086691127775515e-01,7.150557251630765832e-01,2.136244829598899386e+00,1.963971200200414824e+00,6.313724054520022764e+04,3.489376611656051828e+05,7.750829171059394866e+03,5.433176861345804021e+00
4.949494949494949836e+00,9.506428198056295287e+01,3.858963615092121824e+00,1.238475271318702653e+01,2.606295687199444017e-02,3.644113639656724746e-01,1.859226521064866855e+00,4.045025923682787017e+00,5.740387500982894562e+05,9.048376461567131337e+05,9.073560826656015706e+03,6.530575345820712307e+00,4.085408091399695074e+00,1.246703994315303810e+01,2.610717231785454964e-02,3.655471007672475015e-01,3.765971131847329900e+00,4.085679255580416225e+00,7.977053385017125402e+05,8.297440946247027023e+05,8.761484304339874143e+03,4.841624758515961524e+00
5.050505050505050164e+00,9.341840778950933100e+01,2.446458388037179521e+00,2.632033376762276689e+01,1.572356126081857486e-01,4.434855018312309771e-01,1.290394382177686206e+00,2.385573151801817726e+00,3.108418492641643388e+05,7.995515865632708883e+05,5.934791302799707410e+03,5.641871249428946022e+00,3.064785024648617018e+00,2.392703223533724000e+01,1.177023397899839979e-01,4.410298044010900198e-01,2.104871494548508526e+00,2.397038980518316098e+00,5.372187063072257442e+05,8.054700173757247394e+05,5.174350508357306353e+03,4.590175695386625954e+00
5.151515151515151381e+00,1.086416887599694121e+02,3.059017638532700367e+00,1.799670297861505119e+01,1.613888163168048506e-01,3.791953343206445615e-01,2.114085626589557787e+00,3.837959703537204614e+00,8.290526131140094949e+05,9.072582373584109591e+05,3.054929736962911193e+03,4.708581401753722417e+00,4.172692743016028771e+00,1.933189359151715792e+01,1.613934229964701927e-01,3.789521338388639471e-01,2.825128130456857178e+00,3.857679193691485597e+00,9.173025097024872666e+05,8.838837984176157042e+05,5.945163889891301551e+03,4.980207842774674987e+00
5.252525252525252597e+00,8.746929018279615775e+01,3.842832700308832283e+00,1.297748896700357868e+01,9.703017350248671624e-02,3.980663011044179855e-01,9.965397618394092882e-01,1.192491713871024483e+00,8.532006322240241570e+05,9.227212162740003550e+05,7.284224639269627914e+03,4.706026723403834211e+00,3.837145027494365035e+00,1.897529681832670079e+01,9.706664919937209313e-02,3.983459467439173229e-01,1.232248310239286493e+00,1.187989136336237150e+00,9.282874654988615075e+05,9.093140114374874393e+05,6.725530444920818809e+03,4.348877639147257668e+00
5.353535353535353813e+00,8.412662709951348461e+01,3.506356759466663142e+00,1.488395102505022827e+01,1.229110282836967244e-01,4.308802158522559433e-01,1.232804730066065613e+00,2.064532080935033598e+00,7.093972928223839263e+05,1.711986682699410012e+05,4.316554479483235809e+03,4.358153084418352918e+00,4.562401994601899879e+00,1.494733628677298221e+01,1.230806782534845378e-01,4.295461711071827948e-01,2.358436618378457528e+00,2.071198437259233582e+00,9.127397401529834606e+05,5.663263588255741633e+05,6.564132265911695868e+03,4.314813276762168748e+00
5.454545454545454142e+00,8.659633263010302073e+01,4.223054243795187013e+00,1.341257683970999359e+01,8.207970024366069428e-02,5.276246237688855256e-01,1.291404541504614478e+00,2.123383500777705990e+00,2.634154000433394103e+05,1.883968990735030675e+05,9.528503980783281804e+03,5.031833839832350108e+00,4.211162578319259886e+00,1.357960583570884694e+01,8.206186614802690737e-02,5.244577814349979938e-01,2.319174369765413690e+00,2.124803942720342675e+00,7.895452197690570028e+05,9.934765122614386491e+05,9.571157376750630647e+03,4.981765834287050332e+00
5.555555555555555358e+00,9.136642819581646791e+01,2.427821739318722472e+00,3.302314906006012052e+01,1.801227892774288630e-01,5.933453697041397579e-01,1.473959571943338043e+00,2.523802622622729253e+00,2.973898251983567607e+05,4.799018973647673847e+05,8.815381009957693095e+03,5.730952203038709669e+00,3.040850239446094339e+00,4.268793995650212025e+01,1.785081277792765764e-01,5.920472582920102145e-01,2.159172227144841472e+00,2.519125127447087387e+00,4.510623590424389113e+05,4.802372696754117496e+05,7.857569310824404965e+03,4.825438141056220154e+00
5.656565656565656575e+00,9.772603544274736009e+01,3.147326866230614417e+00,1.239096884392744080e+01,8.490497194515582435e-02,2.951572799643028544e-01,1.605449979511777148e+00,2.707648803106027291e+00,5.696460973938115640e+05,3.919116501467836206e+05,6.095051846975321496e+03,4.882523774870351829e+00,3.178957972604119497e+00,1.510556385028103854e+01,8.502407762479001485e-02,2.929995420676927975e-01,2.715741775298707417e+00,2.906582764585255774e+00,8.805202644814725500e+05,8.386155675094842445e+05,5.403291228180534745e+03,4.716070633239421106e+00
5.757575757575757791e+00,1.016501066413633083e+02,3.577445531851533467e+00,1.795574869888096003e+01,1.451693956993539425e-01,5.585640537417664309e-01,1.492383996909669497e+00,2.736065486766066979e+00,8.292068245626853313e+05,9.074320186204342172e+05,3.053815010433692805e+03,4.959297968739908136e+00,3.989767586978038683e+00,1.807194730899513857e+01,1.551243017018124892e-01,5.579848354224686835e-01,2.039305548785993238e+00,2.276519772777670703e+00,9.174746147382743657e+05,8.838802230474591488e+05,5.950964826461002303e+03,4.910019805978149243e+00
5.858585858585858119e+00,9.083706856170900323e+01,2.547783417096297853e+00,2.503940844045052927e+01,1.675623562876052408e-01,5.627025450617541003e-01,1.582448961966417267e+00,3.287632395271448793e+00,4.719821525186636136e+05,7.267983321672643069e+05,6.369961043245205474e+03,5.169583921762070489e+00,3.817992908686689724e+00,2.520547643121836145e+01,1.677345980584190599e-01,5.634503480125260255e-01,2.505708249449903224e+00,3.316322243028724692e+00,4.294949415437072166e+05,5.992743669274934800e+05,9.161816620591205719e+03,5.190387100851905799e+00
5.959595959595959336e+00,9.651433915981311884e+01,3.137823265962591091e+00,1.792502983462953736e+01,1.316672790435035600e-01,4.015237243037592663e-01,1.706743166006714052e+00,2.930944963011026694e+00,3.104994846569276415e+05,8.768698393737255828e+05,4.674876732638502290e+03,5.420715660826374460e+00,3.128159828329357239e+00,1.789632605803492282e+01,1.308369449918375116e-01,3.984579082276966111e-01,2.532798293729490169e+00,2.911701517816347451e+00,6.649006353594253305e+05,5.906136036859928863e+05,3.866789057155750470e+03,4.726079721647320042e+00
6.060606060606060552e+00,9.934919177229807019e+01,3.596858130231381345e+00,1.820921548997328543e+01,1.782154967781520161e-01,3.842575409210343129e-01,1.595143616719703727e+00,2.977393881623604521e+00,8.292051214609782910e+05,9.074330047717888374e+05,3.051747959029356934e+03,4.867797656250488991e+00,4.497643956764058260e+00,1.807202188494395045e+01,1.782199608691719950e-01,3.835191624314306380e-01,2.068659135315122910e+00,2.469773070613415999e+00,9.174678854667228879e+05,8.838763121062846621e+05,5.947586491371434931e+03,4.866067281140392886e+00
6.161616161616161769e+00,9.675897709944555913e+01,2.486872035494442024e+00,2.779075048869905373e+01,1.726327044700911306e-01,4.021198322092641164e-01,1.342209289292341179e+00,2.251095075413513058e+00,2.974042493206684594e+05,4.798871030678796233e+05,8.818453844867293810e+03,5.350150081552011549e+00,2.592892050017894690e+00,3.317824320662420234e+01,1.709157530371394618e-01,4.004043750649279865e-01,1.726925139509003060e+00,2.456262926755459652e+00,4.510771803263415350e+05,4.802274526138022775e+05,7.861454885058960826e+03,5.342462506231246522e+00
6.262626262626262097e+00,9.030750972977115509e+01,3.285187241731317265e+00,1.786211738967660523e+01,1.320842891758960413e-01,5.683052740742522424e-01,1.402985843307614777e+00,2.334003114600485151e+00,6.217749224130336661e+05,5.618008566093547270e+05,3.716091801583238066e+03,4.146042148401577698e+00,3.300880618530817934e+00,2.729821894355350409e+01,1.321847735707946114e-01,5.682176555280519237e-01,2.272480410687814700e+00,2.333210700169210394e+00,6.498635665759302210e+05,3.906826732412181445e+05,8.828281836634292631e+03,4.422633856830835875e+00
6.363636363636363313e+00,8.955963342265249594e+01,2.986419065938505923e+00,2.026887796553874566e+01,1.484023423219372750e-01,4.942450398512530096e-01,1.607589764678597044e+00,2.739493800782928812e+00,8.292033376844882732e+05,9.074347384549990529e+05,3.053082547583145697e+03,4.610977840421822016e+00,4.044334620361765609e+00,2.023195375441858701e+01,1.479107475130579386e-01,4.931998052834906665e-01,2.500103825354749620e+00,2.741179835914585361e+00,9.174838642796686618e+05,8.838454868482579477e+05,5.915846694162385575e+03,4.565987758450386735e+00
6.464646464646464530e+00,9.011779101512094314e+01,3.304042044888811258e+00,1.893605541327825037e+01,8.321884462794228166e-02,1.000000000000000000e+00,1.117086685846834682e+00,1.320279042832932515e+00,2.653181367071908317e+05,9.751112279518286232e+05,5.384439183394898976e+01,2.639858917613072897e+00,3.375060739250122843e+00,2.433853435195413084e+01,8.315923539734629277e-02,9.978332297940637474e-01,1.114198781349216905e+00,1.209585352654365842e+00,8.306688861701701535e+05,8.300634698898388306e+05,6.311478025782387391e+01,2.634137732250301234e+00
6.565656565656565746e+00,9.785965368106516848e+01,2.465079395075185698e+00,4.384100546864022618e+01,2.241104109772752151e-01,6.012152348438324356e-01,1.847757969757051866e+00,3.729717597675202168e+00,3.011556062213809928e+05,6.753487340523978928e+05,2.560617957999748796e+03,4.421542040556565745e+00,3.928952414199746279e+00,3.204613261120633183e+01,2.231507993908552479e-01,6.014097333797867595e-01,2.778902873157909070e+00,3.718006201647379161e+00,7.303649505766790826e+05,6.807744662928467151e+05,2.844455172879901511e+03,4.425439059542687126e+00
6.666666666666666963e+00,1.006864467367329894e+02,3.712039878662057202e+00,1.539013351421846032e+01,1.686658653431287180e-01,4.439024332200998124e-01,1.453662402748114202e+00,2.648043447215927770e+00,8.292117929843571037e+05,9.074319255661901552e+05,3.051566516186388526e+03,5.290196152851246225e+00,3.989439673906551853e+00,1.717778816108900131e+01,1.686910552837266319e-01,4.417873372989427061e-01,2.071347309767498146e+00,2.626340049884505312e+00,9.174785190194064053e+05,8.838741568405516446e+05,5.949835799988346480e+03,5.252561115658245683e+00
6.767676767676767291e+00,8.660893746693336936e+01,3.337056081229039073e+00,1.269382439039409505e+01,1.163024306774877170e-01,3.182921094747223623e-01,1.385881928067191016e+00,2.145659417170219019e+00,8.532012290354623692e+05,9.226909834267329425e+05,7.262098701867294039e+03,4.464547138791705727e+00,3.336072297033092493e+00,2.292741384737811217e+01,1.163543578216065105e-01,3.182894116295558185e-01,1.922367640424493818e+00,2.145445449802297233e+00,9.283206478108993033e+05,9.092980737938522361e+05,6.708459518314457455e+03,4.464355854286448988e+00
6.868686868686868507e+00,1.010362566227170760e+02,2.888620059310996524e+00,2.405855933325972984e+01,2.348220776666702925e-01,3.144796887673643182e-01,1.667492234446503963e+00,3.021815216433907825e+00,1.838172233870240743e+05,4.362858336390302284e+05,5.183714544554408349e+03,5.908801959831673223e+00,3.275682804394110192e+00,2.400099588506363091e+01,2.220370140558408922e-01,3.113899672441552968e-01,2.310541452767755466e+00,3.045038807473174014e+00,1.504709322221212497e+05,4.386558155421940610e+05,6.961425660074416555e+03,5.966761489165981480e+00
6.969696969696969724e+00,8.679303180286945008e+01,3.671579792886814797e+00,1.429077128564840748e+01,1.148154898723069001e-01,4.482857457262944267e-01,1.352770873734440826e+00,1.902816421746829523e+00,2.932921781779836165e+05,9.821642374546523206e+05,7.779018068957059768e+03,4.331624007039613922e+00,3.635046675712676478e+00,1.981329143542317794e+01,1.149053808683044853e-01,4.482716297378462333e-01,2.141207743270870267e+00,1.897614973815707318e+00,3.424351092658254202e+05,4.208216839967520209e+05,4.702122395976591179e+03,4.333006606990669418e+00
7.070707070707070940e+00,1.018642814568786719e+02,2.183481370859492010e+00,2.938400079819215804e+01,1.260368649377299755e-01,4.680445427481051968e-01,1.709970538687383579e+00,2.996470859980855383e+00,8.400332129712079186e+05,5.670670044551376486e+05,3.978637383422797484e+03,4.651773158397678465e+00,2.617054046428662240e+00,2.548177521297877135e+01,1.247873042015332085e-01,4.657604866066299421e-01,3.106422371454399478e+00,2.974840269101610257e+00,4.369387943363478407e+05,6.525738966385318199e+05,5.697383609474542027e+03,4.787278536102808069e+00
7.171717171717171269e+00,1.076373089132827658e+02,2.616162055259585006e+00,2.348390604223128264e+01,1.490863998489260767e-01,5.029417381716216884e-01,1.867359846238626719e+00,3.493886862853611941e+00,8.010328084953523939e+05,8.556357214710537810e+05,5.690907383058515734e+03,4.315710537636867627e+00,3.245989976989442027e+00,2.677216055223186331e+01,1.477704372301636704e-01,4.974762561157710650e-01,3.207872432654701900e+00,3.497125045969784907e+00,9.329173363929003244e+05,9.092631189830304356e+05,6.818044742419831891e+03,4.279349520037348142e+00
7.272727272727272485e+00,8.460404663064888098e+01,4.539070104454858701e+00,1.236708756738171822e+01,6.500528630360979943e-02,3.548975725934599978e-01,1.110773515317556859e+00,1.505059531688458963e+00,2.147883593137424905e+05,5.374257861072689993e+05,6.552505601007390396e+03,4.606646901755593326e+00,4.539203010433553231e+00,1.287568867385743943e+01,6.500741893108492875e-02,3.549205675691174400e-01,1.737305629492678749e+00,1.504947705187141160e+00,2.055854031774473260e+05,1.946719888279861188e+05,6.747529263952501424e+03,4.584911940898958704e+00
7.373737373737373701e+00,9.775664979623439876e+01,3.793342259536001126e+00,1.480125078440124398e+01,1.082830585237182092e-01,4.545106939361883147e-01,1.732297195079283814e+00,3.250886734872666661e+00,7.905844701187534956e+05,6.641407651405738434e+05,5.117281641883012526e+03,5.273774488328736965e+00,4.316833188299005641e+00,1.489311295889259590e+01,1.072089169482576682e-01,4.561395848299045208e-01,2.813053832157315082e+00,3.210083268490122155e+00,2.518533284189747064e+05,6.863393211756189121e+05,6.857452498412012574e+03,5.313453228915599347e+00
7.474747474747474918e+00,8.019772707107273391e+01,3.088063820486956601e+00,1.130361289982513817e+01,2.650687359391144804e-02,1.307895615037082959e-01,1.383412649023885610e+00,2.083409045355585132e+00,6.015780889709248440e+05,3.061785689811213524e+05,5.963601630606016215e+02,3.389348130155536154e+00,3.085560757895661865e+00,1.141721534307450803e+01,2.627666071814768398e-02,1.309303699268300203e-01,2.133581785394623953e+00,2.084462541271244529e+00,9.718464590459197061e+05,4.241446557540606009e+05,7.507365562113927808e+02,3.369563528730697755e+00
7.575757575757575246e+00,9.188794580856792038e+01,2.741757357365739889e+00,2.334718692317306932e+01,1.580888033098965528e-01,5.100649675087937096e-01,1.432253563833183252e+00,2.340717224170188349e+00,5.699026408961194102e+05,3.921699189857515739e+05,6.120121146985185078e+03,4.376652040023688350e+00,3.689748033674133065e+00,2.625496863409460246e+01,1.581762817564113521e-01,5.095084702226647666e-01,2.321544626174051107e+00,2.364242001011997552e+00,8.804336150431821588e+05,8.386354185800539562e+05,5.398459490008426656e+03,4.351655867376908127e+00
7.676767676767676463e+00,9.666579857060736458e+01,2.319141923969552987e+00,2.501388991682307861e+01,1.491385387776429094e-01,4.155567092209096480e-01,1.633046427516044119e+00,2.957801395268535583e+00,6.452188004460532684e+05,2.949425260711942683e+05,7.472495687918058138e+03,5.041580894101750587e+00,3.416755765731413153e+00,2.312949980965372632e+01,1.488119246982227140e-01,4.114244143008775056e-01,2.008550680334361793e+00,2.956575860305918901e+00,5.942892144389804453e+05,4.637091556956785498e+05,8.074847712907597270e+03,5.004202974692531392e+00
7.777777777777777679e+00,1.101015359848694857e+02,3.410919221470603446e+00,1.616305888042509764e+01,3.002076568869183615e-01,3.830552935261837266e-01,1.636788047481330111e+00,2.786117066887456861e+00,4.379215718820464099e+05,7.357255956722117262e+05,7.719718363582946040e+03,6.198178363387697232e+00,3.416151280142161628e+00,3.089033675207166851e+01,3.214048893865435463e-01,3.830327708319827829e-01,1.636634268230426015e+00,2.806437944258741268e+00,5.663092922348664142e+05,7.400711677426582901e+05,7.569417765957103256e+03,6.153878178952442823e+00
7.878787878787878896e+00,9.341197650585152701e+01,2.565869239858463935e+00,2.458638744551198485e+01,1.218778424251291959e-01,7.499644658060290459e-01,2.130005243688054328e+00,4.215458570149777096e+00,4.724299000760904746e+05,4.475843307219594717e+05,7.345595437325263447e+03,4.281035369144716718e+00,2.591656595532575658e+00,4.528809728592390371e+01,1.218665426617330932e-01,7.504492033699715625e-01,3.377272674455019441e+00,4.205225525819719756e+00,9.733988941717640264e+05,3.502075754144078819e+05,6.660704022308411368e+03,4.291277341096838782e+00
7.979797979797979224e+00,9.253673434914664142e+01,3.216505095837872030e+00,2.025623035136347738e+01,1.957288239196333657e-01,3.268867563575136859e-01,1.068715405217823378e+00,1.678353385416271770e+00,3.405810603600572795e+05,8.404290368112818105e+05,7.622690033279434829e+03,5.606386733023978053e+00,3.218075186481542893e+00,2.039703734699823912e+01,1.956811128575727809e-01,3.268270948224979988e-01,1.069203263396879988e+00,1.678350986112183474e+00,8.203841897944292286e+05,5.048602470094357268e+05,8.250584491968233124e+03,5.605623436570281726e+00
8.080808080808081328e+00,1.073648820078013273e+02,2.791406892962444708e+00,2.896648543206501358e+01,2.358875723678587055e-01,4.139545694030447587e-01,1.807640524284289230e+00,3.588061567552324416e+00,5.710316873008102411e+05,5.458621026892997324e+05,5.925710302905447861e+03,4.927881305601145456e+00,3.312780589990718561e+00,4.344138953203118803e+01,2.345999894227303040e-01,4.144485763541878032e-01,2.344417942311712633e+00,2.986723953995873426e+00,6.629654414349417202e+05,5.657729433851661161e+05,8.902976231566168281e+03,4.884225577989133704e+00
8.181818181818181657e+00,9.891867198993767829e+01,4.004795543674904756e+00,1.713099223476961086e+01,1.913191244833470361e-01,3.405631072357028222e-01,1.510991372380360742e+00,2.560818699988815172e+00,6.452069917707375716e+05,2.949710062183566042e+05,7.475444425985726411e+03,4.980238008268134564e+00,4.011260998662441679e+00,1.766529930564794171e+01,1.911795745891273768e-01,3.393367618688905019e-01,2.339811712771726171e+00,2.558917836544848612e+00,5.943256715474582743e+05,4.636946232365107862e+05,8.087768824469161700e+03,5.030290240188069362e+00
8.282828282828281985e+00,1.037006110300051489e+02,2.563152916171885121e+00,3.933143587178582123e+01,2.364649952752125861e-01,4.162541866087051123e-01,1.641494737399276316e+00,2.851059417800653417e+00,5.341387178124104394e+05,5.454939266405007802e+05,8.321131283779730438e+03,5.304814421355987797e+00,3.155985879511106429e+00,3.794371662155458580e+01,2.361836306527091700e-01,4.158955014267747274e-01,1.931658113797059206e+00,2.627115417244942464e+00,5.354114384808336617e+05,8.797467840499142185e+05,6.177432266934625659e+03,5.300636100773590265e+00
8.383838383838384090e+00,8.992638045750742037e+01,3.402597131183402901e+00,1.025261418498465993e+01,1.670512243096644893e-03,2.941703190806119195e-01,1.532104060899328601e+00,2.039063479402885459e+00,5.544762339179156115e+05,8.153897075344306650e+05,4.186051260446470224e+03,4.167539647347954457e+00,3.114803686288051487e+00,1.035237252296563248e+01,1.670384983666760694e-03,2.935830798351631854e-01,2.431372137517526344e+00,2.035219644988648824e+00,8.747977025234573521e+05,4.692321513321957318e+05,4.822694782755807864e+03,4.126071904571833926e+00
8.484848484848484418e+00,9.161197772489578028e+01,2.583648692902019484e+00,2.073565613255353668e+01,1.013814633670807458e-01,5.963797612970539452e-01,1.997621402217803155e+00,4.055257648269768644e+00,2.237317730721492262e+05,4.076041598772439174e+05,2.689287593475223730e+03,5.462169078144108347e+00,3.443085691467607568e+00,2.082743423208386702e+01,1.012325668073856128e-01,5.953023072840869512e-01,3.129271633660135166e+00,4.061137576256469650e+00,2.103457438846103905e+05,4.983446428262436530e+05,8.259706455981620820e+03,5.468260571707905804e+00
8.585858585858586522e+00,8.769263141754689173e+01,3.546182959994743200e+00,1.600770089173191835e+01,9.801694060349459836e-02,4.690618688081892307e-01,1.633975428061602786e+00,3.056657691392578258e+00,2.936976364851491526e+05,2.570154492199567030e+05,6.435701364859834939e+03,5.017195396749044356e+00,3.537197112064918159e+00,1.586055395566497594e+01,9.756092839169415443e-02,4.687927818896187038e-01,2.970003540254222862e+00,3.054558996414439953e+00,3.505608555212960346e+05,5.209669764447234920e+05,6.846159075753456818e+03,4.993414284061518771e+00
8.686868686868686851e+00,9.969344857989800346e+01,3.281288745980778909e+00,1.927050608550750610e+01,1.634964892800169767e-01,6.861690231232914217e-01,1.940374272809959111e+00,4.033983642694364491e+00,6.849204194144128123e+05,6.996526629371171584e+05,7.125066533317400172e+03,4.452528689829843067e+00,3.326611162003830557e+00,4.415753939981098597e+01,1.649137863025560147e-01,6.807739257080930306e-01,3.379378857873095221e+00,4.074525482639741014e+00,7.189268176018500235e+05,5.248756277915136889e+05,8.897028250870951524e+03,4.462605263214574514e+00
8.787878787878787179e+00,1.127212641173828302e+02,3.863810646016876849e+00,1.243542595658384897e+01,8.974355227291756776e-02,3.437624898131428353e-01,1.692652395885414274e+00,3.120743608644577005e+00,6.327809563557847869e+05,1.866619752646510315e+05,9.426210296995774115e+03,5.395477127784920945e+00,3.815022298615080132e+00,1.256040443593951217e+01,8.972679449394876938e-02,3.438968249580449110e-01,1.944068908893425762e+00,2.958718969716166658e+00,8.299174979138809722e+05,2.107996390054621152e+05,9.637475542237294576e+03,5.419755921573664814e+00
8.888888888888889284e+00,1.060710148129803372e+02,3.236645651856820294e+00,1.784840093014505058e+01,1.918147745814116900e-01,4.022877156645346397e-01,1.914269329088123639e+00,3.353570367650725359e+00,1.852121627000700973e+05,7.444264237842386356e+05,6.288052383207383173e+03,4.512519198169975709e+00,4.672993684972763795e+00,1.801860246977750180e+01,1.899061957357869312e-01,4.033817684093837785e-01,3.095042280380201571e+00,3.342842681184215792e+00,5.367144035207373090e+05,6.395117376556250965e+05,3.860101711850435549e+03,4.448763310356516953e+00
8.989898989898989612e+00,9.974326805638854410e+01,3.193398182011840447e+00,2.209670044543222645e+01,2.342207605072842147e-01,3.767604858958252811e-01,1.330329797943318626e+00,2.041836534351396892e+00,3.944666783897882560e+05,7.282663617838999489e+05,8.744453832151493771e+03,5.185876208530996401e+00,3.448980255526725269e+00,3.160534028552392627e+01,2.341008927655044147e-01,3.767539595296674482e-01,1.627877997102799457e+00,2.041777948140459653e+00,6.034960161324309884e+05,7.597668321486917557e+05,7.547956831863993102e+03,5.184179946816451334e+00
9.090909090909089940e+00,9.501254303903884590e+01,4.422492790363863335e+00,1.493741054996032958e+01,1.764834044445076910e-01,5.359004385758981970e-01,1.708117450454850861e+00,2.957359995228066918e+00,6.327863102075209608e+05,1.867030294033665559e+05,9.419492501203483698e+03,4.226032015391978369e+00,4.429646453085797297e+00,2.203605768150459454e+01,1.767003306158150266e-01,5.359295663776872942e-01,2.724565801211794369e+00,2.961131567743584103e+00,8.300145949277236359e+05,2.107671267164072779e+05,9.659938295871173978e+03,4.213050652210092117e+00
9.191919191919192045e+00,8.962501652773487137e+01,4.331699374426215776e+00,1.294771872897756637e+01,2.029510133046791981e-02,4.520116389498592957e-01,1.830507717272218837e+00,3.810934931921843294e+00,4.829284701136396616e+05,7.660312327604152961e+05,5.738232264364505681e+03,4.071851523000291628e+00,4.331724420298225908e+00,1.307784554047126058e+01,2.028977925667026921e-02,4.520108027437725329e-01,3.283481589546383805e+00,3.809011743362627822e+00,9.443429751356245251e+05,3.650314527649999945e+05,3.776006294960597188e+03,4.072047629929998358e+00
9.292929292929292373e+00,9.292021263710375933e+01,2.958579146409180627e+00,1.412794469840972944e+01,1.516297539957474072e-01,3.284262288387460038e-01,1.362237026885777302e+00,1.775065914195703032e+00,4.811710378525532433e+05,7.282351172982036369e+05,8.351170974660231877e+03,4.709643174408320476e+00,3.066038212465611146e+00,2.527090533342207834e+01,1.514826751120436354e-01,3.284286345919199546e-01,1.680736742904285208e+00,1.775266153260411039e+00,6.234834604073226219e+05,7.176263944310526131e+05,7.312946171179732119e+03,4.712350057806783177e+00
9.393939393939394478e+00,1.032409735692137644e+02,3.093324815798083716e+00,1.810534223791689712e+01,1.448492395688603107e-01,3.167706295515964610e-01,1.335791657402605193e+00,2.113065896410906586e+00,6.452088343238269445e+05,2.949722641945030773e+05,7.459344536924417298e+03,4.780065476705249061e+00,3.214352037078683555e+00,1.967238824490565818e+01,1.447853941111972020e-01,3.187593866800947362e-01,1.695040192584538863e+00,2.015478599859874542e+00,5.943429295902901795e+05,4.636936973898119177e+05,8.071127612528121972e+03,4.956490010396517931e+00
9.494949494949494806e+00,1.010641937014662233e+02,2.564310793684856815e+00,2.712893022892053096e+01,1.658915416519903541e-01,3.745329991060583619e-01,1.338979254553243292e+00,2.042014012554161706e+00,5.826040924239419401e+05,7.282399891417688923e+05,8.637785329539492523e+03,4.635736071622397425e+00,2.649674741008472445e+00,3.124259815849332611e+01,1.643269191987689892e-01,3.747702096367482305e-01,1.676108876869324860e+00,2.047643018808650073e+00,7.575925847726253560e+05,6.728074085162751144e+05,6.695703305226489647e+03,4.885303656843660747e+00
9.595959595959595134e+00,1.191831229112855368e+02,2.931435730414248209e+00,2.970485755540151374e+01,1.990840416214750830e-01,7.051073480046471387e-01,1.684492704344236147e+00,2.883774441668235156e+00,1.870099905543864588e+05,4.741701653967828024e+05,6.708828018821282967e+03,4.278132631219635051e+00,3.288836052275265764e+00,3.153725209416198894e+01,1.976540594527540218e-01,6.980913995592298305e-01,1.865013667500685646e+00,2.880511701014738968e+00,2.556646237575041014e+05,5.556502161516330671e+05,6.694294667119253972e+03,4.263036977096978042e+00
9.696969696969697239e+00,1.058348139529330609e+02,3.677892887743641204e+00,1.716456309522704871e+01,1.954814510071127276e-01,4.420548426404675713e-01,1.799371789473463989e+00,2.877276354584833662e+00,6.452105481940630125e+05,2.949709094811562099e+05,7.475563537207298396e+03,5.084040431535766125e+00,3.497909472247069829e+00,2.233355040632056543e+01,1.963283149852096399e-01,4.408064087471223469e-01,2.355559184858764699e+00,2.866336549770120978e+00,5.943295969562806422e+05,4.636920697202231968e+05,8.083699360713561873e+03,5.066842647776594433e+00
9.797979797979797567e+00,1.010075174919423944e+02,3.517311366407280815e+00,1.751251986429407737e+01,1.633423001458195467e-01,4.961023162698660616e-01,1.393509484360981654e+00,1.902083919322156591e+00,4.811652529378972249e+05,7.282383092293035006e+05,8.358818060692987274e+03,4.905217928059626864e+00,3.611626801589181479e+00,2.557312910265491013e+01,1.645107280473794564e-01,4.976221748950515056e-01,1.479969681708606322e+00,1.937861861086795034e+00,6.234888707286308054e+05,7.176301404549248982e+05,7.304907168365914004e+03,4.951991335301429764e+00
9.898989898989899672e+00,9.961704762785174694e+01,2.520544955959708400e+00,2.472650088301555726e+01,1.269422730874496252e-01,5.144632183622295241e-01,1.910599180669542818e+00,3.186653173512636883e+00,2.449756324402866885e+05,4.319717883091770927e+05,5.701456914830041569e+03,5.161935298475832212e+00,2.905891003404872830e+00,2.449506066505725599e+01,1.269210914982226157e-01,5.144546125425959460e-01,2.455783930467242193e+00,3.112789928125563321e+00,3.082575809367067413e+05,5.128982100857044570e+05,5.918882551468100246e+03,5.160621049659073201e+00
1.000000000000000000e+01,9.810345079953827963e+01,3.555091613796215633e+00,1.690040570214518567e+01,1.179076188780047302e-01,5.072778059908688020e-01,1.528725535408084202e+00,2.504141727631523651e+00,2.871280742140481598e+05,5.678705204881143291e+05,6.849617989505428341e+03,5.053870902469311588e+00,3.807285675668939717e+00,1.607758811632907125e+01,1.179104793840891757e-01,5.072265444652354072e-01,2.298304890489893282e+00,2.504200006010255830e+00,5.435412606996393297e+05,6.716792907500612782e+05,6.230319457263022741e+03,5.052835287975832479e+00
data_h1n1_logged.csv
data_h5n1_logged.csv
