0.000000000000000000e+00,8.785434741643315704e+01,2.495863905853614728e+00,3.958592159816941347e+01,2.452069390108910230e-01,6.050799027418160003e-01,1.453268238619434882e+00,3.607967827331256316e+00,2.041858760087472328e+05,7.265096928837940795e+05,6.686780270805938017e+03,7.557442364693038428e+00,3.867827792855754510e+00,1.473418366670845536e+01,4.527409368361885733e-02,4.833481388065623552e-01,1.444657478674270523e+00,1.604435119995899273e+00,3.110054693291975418e+05,7.266944774587302236e+05,8.749050489855389969e+02,4.099276068093774761e+00
1.010101010101010083e-01,8.513234045635347513e+01,2.015040036661064793e+00,3.922645307174145302e+01,1.489248539189584608e-01,6.194423672552032967e-01,1.527161081439160961e+00,2.902760633024688008e+00,9.072771017255616607e+05,3.808327313747512526e+05,7.957687577025605606e+03,5.635925985494636414e+00,2.368607570134278362e+00,3.736849348859686870e+01,1.497087660006632959e-01,4.433870327532931643e-01,2.064903696569088343e+00,2.874808575839890246e+00,4.193510822817941662e+05,9.850800438135322183e+05,8.270879797787218195e+03,5.593187784033665011e+00
2.020202020202020166e-01,8.276540472615191391e+01,1.801776573937768244e+00,3.538756636154479196e+01,1.169310609988155197e-01,5.166636522621247396e-01,1.263780817854824878e+00,2.324378064834360380e+00,8.292033894544609357e+05,4.349034668989339843e+05,4.825797199025998452e+03,5.136884588721835065e+00,2.016169737977329568e+00,4.399526025336437840e+01,1.181060398062329930e-01,5.217462005573421102e-01,1.610432026468975097e+00,1.985335119392510617e+00,4.146448312135749147e+05,6.946483274667364312e+05,5.208450823475008292e+03,5.096980648866765939e+00
3.030303030303030387e-01,8.271620730691479650e+01,2.171988149152157543e+00,2.831434502586841973e+01,1.271055394269152428e-01,5.758812812907874168e-01,1.298452180480912821e+00,2.769538225223474370e+00,2.751733244859047700e+05,2.391237270438542764e+05,9.746653350045104162e+03,6.410765343182826648e+00,2.767488711082017883e+00,2.856112586868227865e+01,1.258408187621109231e-01,6.596947781885822426e-01,1.304173405142083686e+00,1.333082416262654224e+00,2.696552520652847015e+05,7.332032107515233802e+05,7.267468773618547857e+03,5.215055571521851618e+00
4.040404040404040331e-01,8.828801688683607551e+01,2.312770456357987392e+00,3.113772875579823918e+01,2.047917590710245372e-01,4.072609688332797240e-01,1.183551120021429259e+00,2.087061082131845602e+00,7.742182162007672014e+05,1.654837955937159422e+05,8.315305219680620212e+03,5.090731402779270276e+00,2.901948075972943020e+00,2.236502062277329017e+01,1.354398696817054881e-01,3.324286274699996269e-01,1.802767891116965338e+00,2.098832177143229671e+00,6.293879908995846054e+05,9.906217912849221611e+05,8.442678224605724608e+03,5.123713582143462730e+00
5.050505050505050830e-01,8.636734844075057538e+01,3.572898693634381395e+00,1.612010853463540272e+01,1.099382227966834574e-01,4.760218470642167965e-01,1.430214917042508915e+00,2.691166828732648231e+00,1.413135268170922354e+05,4.009486965588742751e+05,6.789790481070753231e+03,6.605320303095746581e+00,3.571322545322395570e+00,1.699218804675420103e+01,1.088443342165969635e-01,4.719878292070258108e-01,2.026707684144875454e+00,1.816816831822384959e+00,2.315952899888579850e+05,6.426385088602871401e+05,8.528734431503218730e+03,5.141296254761773099e+00
6.060606060606060774e-01,8.315781961702218439e+01,2.792163773052187992e+00,1.493794555501504995e+01,5.885599807040468867e-02,5.708683669402221383e-01,1.449358016823588002e+00,2.100177740707861673e+00,5.679726402911904734e+05,4.008822465010253945e+05,8.930829745738217753e+03,5.565661445584209943e+00,3.122727754345654638e+00,1.503545022723294267e+01,4.274262933866888881e-02,5.651880986995955203e-01,1.438394854950797663e+00,1.379814524984626090e+00,3.492275777351056458e+05,8.953509255078602582e+05,4.950825491196034818e+03,4.888026626192433888e+00
7.070707070707070718e-01,8.558413495523001302e+01,2.223116899667247015e+00,3.963497924249602278e+01,1.748074010727453109e-01,5.485138725856081310e-01,1.604279824429360568e+00,3.008734048596918065e+00,7.000351106496695429e+05,7.636749472395940684e+05,6.648637034899694299e+03,5.829557670552897974e+00,2.243604281567897374e+00,3.928401748229072155e+01,1.130723006562891625e-01,5.041960615151744873e-01,2.100677147357008501e+00,2.630730212816657865e+00,7.054392122498814715e+05,9.816810686717024073e+05,5.247306690868771511e+03,4.699522698634634565e+00
8.080808080808080662e-01,8.551305099087957728e+01,3.477807337264214649e+00,1.709768054480544919e+01,1.354160044064689761e-01,4.107986669423307480e-01,1.312743218600023853e+00,2.143662416238770074e+00,1.513883635024426330e+05,4.295632962174581480e+05,6.651942193730965300e+03,6.146432150491183855e+00,3.247118003452675872e+00,2.063584410090702193e+01,1.342373682842935290e-01,4.148035028943222180e-01,1.920091984234552518e+00,2.133654732287763700e+00,2.717937958352142596e+05,8.173583864996072371e+05,7.005265178086924607e+03,5.311539470819734099e+00
9.090909090909090606e-01,8.079304222565903615e+01,3.573254376866471294e+00,1.659017445749974939e+01,2.853735854415638540e-02,8.173711018277015627e-01,8.977772998000940197e-01,1.467953207581690123e+00,9.815133079921347089e+05,5.828215868546048878e+05,4.923543910350873375e+03,4.958119466732305192e+00,3.752553979280035534e+00,1.656351997157028322e+01,5.360983072479065525e-02,9.754917279046322331e-01,1.636044240745075040e+00,1.469398575447597333e+00,3.580533201086635236e+05,5.853923979623035993e+05,7.883537258608830598e+03,4.863894290315929680e+00
1.010101010101010166e+00,8.092093171081751279e+01,4.129835734753893206e+00,1.479601800759552255e+01,1.656982334877322993e-01,3.379341767716732003e-01,1.212554043029675066e+00,2.177549459120915909e+00,2.423322848610767687e+05,9.473250604095681338e+05,5.403404768172497825e+03,6.698652124042379086e+00,4.131676614104708989e+00,1.476634172286299318e+01,8.988274718062623514e-02,3.382051131883529460e-01,1.337414362845748439e+00,1.343072322527085971e+00,4.588861865847998415e+05,3.405591065796203329e+05,9.713949266319821163e+01,2.643657006459443792e+00
1.111111111111111160e+00,8.504034397766398001e+01,2.861885997118493563e+00,1.375883271692786813e+01,7.460394595494217185e-02,2.550299346358725905e-01,1.691291614201844373e+00,3.040112694277426364e+00,1.613585866695999284e+05,5.999795501287092920e+05,2.557857126674533902e+03,6.152714668253294938e+00,2.060279096637570362e+00,2.126123561645343685e+01,7.487856893985955775e-02,2.574929562281991768e-01,2.453954147291474541e+00,3.058688145091404298e+00,4.500028308245670632e+05,9.524967208864809945e+05,3.795643512999155973e+03,4.889065063161973868e+00
1.212121212121212155e+00,8.295738117430137493e+01,3.065853038750684156e+00,1.536403118510530419e+01,1.042284814748227206e-01,3.826928742235924386e-01,1.620654412158717417e+00,3.222459699882954443e+00,1.849001913871683064e+05,5.376459045731726801e+05,9.376243869067235210e+03,7.223205790087177114e+00,3.043478662110756794e+00,1.828883152748005614e+01,1.047912464715487074e-01,3.844550460181787033e-01,2.588142617458142336e+00,3.227335094978913688e+00,5.283041096873190254e+05,5.208582427977795596e+05,8.212756333401721349e+03,5.106291526149599136e+00
1.313131313131313149e+00,8.206733175255169499e+01,2.001348282678006463e+00,3.695918744202105444e+01,1.607243539417890776e-01,4.367909535331092608e-01,1.439205875555566561e+00,2.738338606060379377e+00,7.359114086073928047e+05,8.083604051346969791e+05,5.864739215755835176e+03,5.770008131363195680e+00,3.114478340817594670e+00,2.426478995105383873e+01,1.619510028724694684e-01,4.372147860572644373e-01,2.016503007815920956e+00,2.751504373277269266e+00,8.439610735581511399e+05,7.902564348568596179e+05,5.874227444392602592e+03,5.034633090288672008e+00
1.414141414141414144e+00,8.180494450788236804e+01,3.056480023358423281e+00,1.237564910540745977e+01,8.465603906282170854e-02,1.272877486404598579e-01,1.226084725978092704e+00,1.956300953391132857e+00,2.628196932081756531e+05,9.663866548940140055e+05,3.325827423687132978e+03,6.133717662730058251e+00,3.489887716936148188e+00,1.401138707332881950e+01,8.550673545212673921e-02,1.273639366806641471e-01,1.857950792193796108e+00,1.975950298987356524e+00,9.185975642953988863e+05,2.627377149499964435e+05,4.129123474368506322e+03,3.949848285418807059e+00
1.515151515151515138e+00,8.038055157453631239e+01,2.081043541816586906e+00,3.026361481158333078e+01,1.217568319546120936e-01,5.585130411191141508e-01,1.635935192959321105e+00,3.360890672907871579e+00,7.405915795003427193e+05,5.305525360201848671e+05,9.092019061332808633e+03,5.996833834543617847e+00,2.065371783665450600e+00,3.052572439377563995e+01,8.349828822597811506e-02,5.529557948715249083e-01,2.555725016952898887e+00,3.386465327702798955e+00,7.017156803915253840e+05,9.730056645369903417e+05,5.601318037760107472e+03,5.003240813216931038e+00
1.616161616161616132e+00,9.408250322568873969e+01,2.526139678805208622e+00,2.378088991682341913e+01,1.391754404056801120e-01,4.562288815996338176e-01,1.193067659824439408e+00,2.189031005350919212e+00,4.577308127475987421e+05,4.137882120334035135e+05,7.232414306555067014e+03,4.233272549933702500e+00,2.551527943303408819e+00,2.894258551227967757e+01,1.236921508723260316e-01,4.559266345039371116e-01,1.971934439024507268e+00,2.186225267185120114e+00,3.074674435061685508e+05,4.081159309357560705e+05,6.216511020752502191e+03,4.780718531704625462e+00
1.717171717171717127e+00,8.373892888967948522e+01,2.614083489808435967e+00,1.938063287755072039e+01,1.054135413383324588e-01,4.839485669728236794e-01,1.238954773832879663e+00,1.948193754402492317e+00,5.509796855092669139e+05,2.553902670139634865e+05,6.979196691608151013e+03,5.104268771094863766e+00,2.718325627809910383e+00,1.987958978983585467e+01,1.053207832431175828e-01,4.852221127180654792e-01,1.250725443262884928e+00,1.435387097874017748e+00,8.044118517581978813e+05,4.926359185365490266e+05,5.976068792820805356e+03,4.731422466493922840e+00
1.818181818181818121e+00,8.720693190150588237e+01,2.446684231546703892e+00,1.709095669389066430e+01,1.062913137472884795e-01,4.462440080594098912e-01,1.865436208835594689e+00,4.031185407996800585e+00,7.519445179346054792e+05,6.874050724760354497e+05,6.181950706354135946e+03,6.480403780208128239e+00,2.458995474213967469e+00,2.623839159673915233e+01,1.067847813497973530e-01,4.468339977262742457e-01,2.430993945268129064e+00,3.163943856721133319e+00,7.731555629723223392e+05,7.006501923005746212e+05,8.452061886886103821e+03,4.995370311522234985e+00
1.919191919191919116e+00,8.631252450612655025e+01,2.941780364330065733e+00,1.465125138785996661e+01,1.037508914699264151e-01,3.320481733279801451e-01,1.652098862886362429e+00,2.902747364260531260e+00,1.813064607922461000e+05,8.556318929462019587e+05,3.688830127523217016e+03,6.468611069950029879e+00,2.946839618055043353e+00,1.949312274247139598e+01,1.047344045669776763e-01,3.311796782082430113e-01,2.209549776389463371e+00,2.778084454449039065e+00,1.448810025769734348e+05,5.222666815686235204e+05,4.093466832635338051e+03,5.317870387219574724e+00
2.020202020202020332e+00,8.896428403738249813e+01,3.028988440998462650e+00,2.529042035925349907e+01,2.127551593377942363e-01,6.413312158312832745e-01,1.173086027285482391e+00,2.202072663945344733e+00,4.538695907503284398e+05,5.858355613643182442e+05,7.322713466625246838e+03,6.269574593962463638e+00,3.022993915449315949e+00,2.550674027728416249e+01,2.109458941289975298e-01,6.364797243614186417e-01,1.755404713950707629e+00,2.178738513641382379e+00,2.739309690670926357e+05,5.769414934072818141e+05,8.115564651390657673e+03,5.971420815019917505e+00
2.121212121212121104e+00,8.230750098744412924e+01,2.539219231957836609e+00,1.964170936822993951e+01,1.055697273333292413e-01,5.203646980710247005e-01,1.793499434969805018e+00,3.498512522809765546e+00,7.577346032228124095e+05,6.787399446724093286e+05,8.943623969296726500e+03,6.172071224632615483e+00,2.523350468136063895e+00,2.594866509732374027e+01,1.059831039039881434e-01,5.185972177420293816e-01,2.450404029194189981e+00,3.479886046254370591e+00,5.729773072169481311e+05,6.306868587198101450e+05,8.798520330585004558e+03,5.274421552892475162e+00
2.222222222222222321e+00,7.820692530811759013e+01,3.043969386159707025e+00,1.606884137512349398e+01,1.083487880590530694e-01,3.679233608518093224e-01,1.132412000280758724e+00,2.180625397919150110e+00,3.332517760716691846e+05,4.915404197042813757e+05,1.518934763177204559e+02,4.071615527857299632e+00,3.074560169971321422e+00,1.704863936328336393e+01,1.082857880282606378e-01,3.682422449177288892e-01,1.825856171245114234e+00,2.182419083916467883e+00,2.296255899508062867e+05,8.747089507533854339e+05,1.895629651196817122e+03,5.026812279999197663e+00
2.323232323232323093e+00,7.542755693354865798e+01,2.633804890462862147e+00,2.209184609819980238e+01,1.817288443609777204e-01,2.657360521663326147e-01,1.086714117396582635e+00,1.718365623993018287e+00,1.751849850516476436e+05,6.104633454984467244e+05,9.831551636515867358e+03,6.551456673623306415e+00,2.638590611492388494e+00,2.191213506968457736e+01,1.394851639146666156e-01,2.659504876868722389e-01,1.433775603159626932e+00,1.714284752186033600e+00,2.496735601123219531e+05,6.096836060915667331e+05,7.640984138954776427e+03,5.530499329617405202e+00
2.424242424242424310e+00,8.732144536984507965e+01,1.908333871248391267e+00,2.825960402249184256e+01,9.818493376042192189e-02,5.730696229642601169e-01,1.454679714258379830e+00,2.579524177207041191e+00,7.539394780165699776e+05,7.187155633057069499e+05,9.128096365029170556e+03,6.070979812617958160e+00,2.317459439865166004e+00,2.660737593513414012e+01,9.392883590122674820e-02,5.674385906264761692e-01,2.077574911104150157e+00,2.595285481816000495e+00,6.100110288030256052e+05,8.697974537329723826e+05,6.702240183669266116e+03,5.122200959545335941e+00
2.525252525252525082e+00,8.471647909302544122e+01,2.516037685643619515e+00,3.893708451235057311e+01,1.351654536115945437e-01,8.226025806231065385e-01,1.794793195391953144e+00,3.627632054410653506e+00,7.027021913737928262e+05,5.154768648932232754e+05,7.153824006704486237e+03,5.263928948991956958e+00,2.527064885128804672e+00,3.872469674160463171e+01,1.338678216755780637e-01,6.996737047545753541e-01,2.193597890497521519e+00,3.626342736412061729e+00,4.396907022468359210e+05,5.218847087303486769e+05,5.871311256089183189e+03,5.301808389263079846e+00
2.626262626262626299e+00,8.588405148680686807e+01,2.559825492864300944e+00,2.208957446541715086e+01,1.285744785791490263e-01,4.521435604962704136e-01,1.365636736896878922e+00,2.988427716439590043e+00,7.524811913808239624e+05,4.856006715235325973e+05,8.945248287969046942e+03,6.088127370372626856e+00,2.678759321218572076e+00,2.670115905258389688e+01,1.282746783732509888e-01,4.501311561340885503e-01,1.854370377153775840e+00,2.734595189673438842e+00,2.143076743327846634e+05,8.810004881567615084e+05,9.954505295699515045e+03,6.044308013781920508e+00
2.727272727272727071e+00,8.238796554359859670e+01,3.527651458722192324e+00,1.679192258875332655e+01,1.141614639430144212e-01,4.389118822353690885e-01,1.421612835994372048e+00,2.792040030285516394e+00,8.049844716838937020e+05,8.304219804251714377e+05,7.552899535689959521e+03,5.987649929047388575e+00,3.518199148855780223e+00,1.696565479918642794e+01,1.141614595170323959e-01,4.371681832628943054e-01,2.116641012950819078e+00,2.786365739034898592e+00,4.578831485209087841e+05,6.304159497634908184e+05,9.501172858028583505e+03,5.526351884967142247e+00
2.828282828282828287e+00,9.069299230917177113e+01,2.464875714525570416e+00,3.504129842323219179e+01,2.442227538694310141e-01,3.681884596197503301e-01,1.911591922401496779e+00,3.621006934980190994e+00,5.023350449336627498e+05,7.424901671122112311e+05,6.656451059760388489e+03,6.226040905452145502e+00,2.477812594144819691e+00,3.801637834702006558e+01,2.422218704534201961e-01,3.645255246724519727e-01,2.275047833361059091e+00,3.617172118254799340e+00,6.415245446485287976e+05,6.425325732365455478e+05,6.717508153955762282e+03,5.781917599079006820e+00
2.929292929292929060e+00,8.010078128770554429e+01,3.509766703222485518e+00,1.595740696484189769e+01,1.429009014874419170e-01,3.109978430396526106e-01,1.196578237025457181e+00,2.110418510006779158e+00,2.168027289344725432e+05,9.886594176541063935e+05,6.900340637686981609e+03,6.764844164554316031e+00,3.544956437812479155e+00,1.593808138966750221e+01,1.276484546233473683e-01,3.108417233240819422e-01,1.685529691489686011e+00,2.089420937283429591e+00,2.501251497342881048e+05,8.698182822035374120e+05,4.933432747270587242e+03,5.628983401092407135e+00
3.030303030303030276e+00,8.068599605708811850e+01,2.505322991903605523e+00,1.669528237895461231e+01,1.085331953314748604e-01,2.868596798588985974e-01,1.985872053903658951e+00,3.546812449173806225e+00,8.171126017075984273e+05,4.686940360124993022e+05,7.161192596757976389e+03,5.545938037757167649e+00,3.170230419273956102e+00,1.813605793042843572e+01,1.087105372265016884e-01,3.167698161978319549e-01,2.005830195821919570e+00,2.935029661744545049e+00,2.905582428795906017e+05,4.675583999637317611e+05,7.167615025511382555e+03,5.509032044156809249e+00
3.131313131313131048e+00,8.669807601060787761e+01,3.512398016756984376e+00,1.672304001258696715e+01,1.008219353787976752e-01,4.678080732582131640e-01,1.434405103168193474e+00,2.488532380018389389e+00,1.225971995346196345e+05,6.245888559681151528e+05,3.554188012164752763e+03,6.137829869493238277e+00,3.815916796120596199e+00,1.563798197182297578e+01,1.006664185292590608e-01,4.657815632689042418e-01,2.089028164656832942e+00,2.513542394453870177e+00,5.956617570921028964e+05,6.358417247931339080e+05,5.738079841461788419e+03,4.983827494496436472e+00
3.232323232323232265e+00,8.623007753315096124e+01,2.060020297244390175e+00,3.293904123640750470e+01,1.415614228121417628e-01,4.823977017098005637e-01,1.637732580760009160e+00,3.094434455595049371e+00,2.235148268147611234e+05,3.478113858335118275e+05,7.849518061609628603e+03,6.167234536984881998e+00,2.426746030971769219e+00,3.519418740515302346e+01,1.415517321392281147e-01,4.819668713745727806e-01,2.157412061313159768e+00,3.067286965714458358e+00,2.481459008394588309e+05,2.818024988473452395e+05,8.529392575222405867e+03,5.313638993713338365e+00
3.333333333333333481e+00,8.499652242560270565e+01,2.686430136628721765e+00,2.490422046353008412e+01,1.725901035731874644e-01,3.885958050088160753e-01,1.668900519173304842e+00,3.085012100644235922e+00,9.020214015382931102e+05,4.813222000366869033e+05,8.399810250027096117e+03,5.434557040860527266e+00,2.712801266663039890e+00,2.512102708665676332e+01,1.390229520350828030e-01,3.883149589662565626e-01,2.122927492724965948e+00,3.047427167420116767e+00,3.400075305569972261e+05,4.940946021561935777e+05,7.735065571211018323e+03,5.395413094866380987e+00
3.434343434343434254e+00,8.406644657384926234e+01,2.436365321171720222e+00,3.121781047682698684e+01,1.331635404588690508e-01,6.552113431667931920e-01,1.594604714947044588e+00,2.678531693698541272e+00,7.877596439187964424e+05,3.201805331664090045e+05,6.422450638642246304e+03,4.813267547822442260e+00,3.277572558604845643e+00,2.529951769526421401e+01,1.332882781122988469e-01,6.552866989128889319e-01,2.149626930121341317e+00,2.679152054506002578e+00,6.413040259014832554e+05,5.414323974397392012e+05,6.565615120302618379e+03,4.765455202942868951e+00
3.535353535353535470e+00,8.576795232571731731e+01,3.379211607129417150e+00,1.736498943455970334e+01,1.924112857934460741e-01,3.408317814325312889e-01,1.341083894763426709e+00,2.273797544026015860e+00,4.388367567096335697e+05,3.424735476107801660e+05,2.003927249546991789e+03,4.934684201264262882e+00,3.910222661385099219e+00,1.987089936756335717e+01,1.935007511652883094e-01,3.422173855593109160e-01,1.472370585344204397e+00,2.279378724290633595e+00,3.926857954573558527e+05,4.872140747098775464e+05,2.038689120429876994e+03,4.885584626694640775e+00
3.636363636363636243e+00,8.846517972641896677e+01,2.516982997133971889e+00,3.540138935708534262e+01,1.817622071701749387e-01,3.735651725441472837e-01,1.743823484268679724e+00,3.090923800253769116e+00,3.090823455107032205e+05,6.555715811282248469e+05,6.668864621850097137e+03,5.482406975230968094e+00,2.524149747245581832e+00,3.554899519538375330e+01,1.799537548569272172e-01,3.735201424239604773e-01,1.735854591551916348e+00,2.462086814367543397e+00,3.766494610413207556e+05,3.967807431837373879e+05,7.271075670822434404e+03,5.209329098689664761e+00
3.737373737373737459e+00,8.818495200413192947e+01,2.438132499711120893e+00,3.282312572505541226e+01,1.978811499290839548e-01,4.586407322143707943e-01,1.262876139505955342e+00,2.231054838419207265e+00,4.891536589627010981e+05,5.668147619277928025e+05,9.220382551447224614e+03,6.009988220877607645e+00,3.730344358478278721e+00,2.536825427141030787e+01,1.962747274538324815e-01,4.556304516219658041e-01,1.627829594184529771e+00,2.228192749154029428e+00,5.240210635217875242e+05,7.385876920400375966e+05,9.362885656374675818e+03,5.265228686984789519e+00
3.838383838383838231e+00,8.281771752430071842e+01,2.144307885511963718e+00,3.354657144942510882e+01,1.507306572519834520e-01,5.853815127515228367e-01,1.123573863089915470e+00,1.931281152419285885e+00,7.359748683037540177e+05,6.291250868038230110e+05,6.600271833652172973e+03,5.740686649739221714e+00,2.430855295741249034e+00,3.326988783530102012e+01,1.329566750374200912e-01,5.863467184791534281e-01,1.527638125258668600e+00,1.934821344463308002e+00,6.056250750964321196e+05,7.227323066730778664e+05,5.483045785176816025e+03,4.975443764290566229e+00
3.939393939393939448e+00,8.965102427003407115e+01,3.895908307743933818e+00,1.845085669105080228e+01,1.906987983060763059e-01,4.711888037227985881e-01,1.589661196000468735e+00,3.067060645023498733e+00,2.538659627704708837e+05,9.400294863136333879e+05,3.227612726320357069e+03,6.253667901900136883e+00,3.896476684508308974e+00,1.867691231034691768e+01,1.902248113152364417e-01,4.711932263040486957e-01,2.162015684481695121e+00,3.194287368353610379e+00,1.832833572902041487e+05,6.381346617823992856e+05,5.832401072417531395e+03,6.191687234316026966e+00
4.040404040404040664e+00,7.889816414777561704e+01,2.113414727354882672e+00,2.704047470003825637e+01,1.150965802964819262e-01,5.061821186048489629e-01,1.899575395615599849e+00,3.125577119117186609e+00,9.255412392945366446e+05,4.372607622388809104e+05,6.451123593134242583e+03,5.132263264586041096e+00,2.128606994964718169e+00,3.345894620373996275e+01,1.139518762130519863e-01,5.027110900675424432e-01,1.918398370643259243e+00,2.509902193081734012e+00,4.984648828177853138e+05,5.318337180965010775e+05,7.788985970893578269e+03,5.116758963111935010e+00
4.141414141414140992e+00,7.815265036014254463e+01,2.565537876445288301e+00,2.446882764945784672e+01,1.460029936996484756e-01,5.503867832200066701e-01,2.043870122288065083e+00,3.701925723635111076e+00,4.689424510479746968e+05,5.026305390672980575e+05,5.519606511597380631e+03,5.673423401841525937e+00,2.566181912406848564e+00,3.356245408103537642e+01,1.463575561958870008e-01,5.502426320044133679e-01,2.426204188810920925e+00,3.667902146710850353e+00,2.627963211416086997e+05,7.021747612198612187e+05,5.559529734051817286e+03,5.623180376313581696e+00
4.242424242424242209e+00,6.772411376582559228e+01,3.861512542128072045e+00,1.255251633709504766e+01,6.203266644541002156e-02,3.068463195088044770e-01,1.094171031857313459e+00,1.615692750750275408e+00,9.176093576098397607e+05,8.790080032164241420e+05,6.947178834633348288e+02,4.235467040763285951e+00,3.835766052442332263e+00,1.267867161877501836e+01,6.212722496021207824e-02,3.064411088558415819e-01,1.686436696164777649e+00,1.619010767193973299e+00,9.132106785490061156e+05,4.373309077363449032e+05,1.680261862624721289e+03,3.739004708466599158e+00
4.343434343434343425e+00,8.711689174307632300e+01,2.759641327060622817e+00,2.353396672905115494e+01,1.639532043101048220e-01,5.689699358213327063e-01,1.518229658046419628e+00,2.796802548196966498e+00,5.454617965190963587e+05,4.901985167345129885e+05,2.322317043731868580e+03,5.159314227591136337e+00,2.785293392075836927e+00,3.687001468042653585e+01,1.641078797814997936e-01,6.440077274485236369e-01,2.085286330151283174e+00,2.783688578272491387e+00,4.249562548452429473e+05,6.196173123902189545e+05,7.841466193950576780e+03,5.263081431773156460e+00
4.444444444444444642e+00,8.975002290952339479e+01,2.752641111764973836e+00,2.922390002219485439e+01,1.944276619049646049e-01,4.794688547428002656e-01,1.800563385564364349e+00,3.294938663399764600e+00,3.248041919748141663e+05,8.202237330469774315e+05,6.205194707972849756e+03,6.109869072748917773e+00,2.939282680276150916e+00,2.950092878984129641e+01,1.944276043038646318e-01,4.749962395348504840e-01,2.047719539173065151e+00,3.275791444241304973e+00,3.674400904866070487e+05,8.048550883704307489e+05,8.104290036905122179e+03,5.967187582780747235e+00
4.545454545454544970e+00,9.650153721014368102e+01,2.516607072336142004e+00,3.249105811239694219e+01,2.026714368118878451e-01,5.259017412705031536e-01,1.923168433052305115e+00,3.447421115801169833e+00,7.288433843679170823e+05,6.328883710494826082e+05,9.224798025794016212e+03,5.866253976660598113e+00,3.159143471935327518e+00,3.430509882829527157e+01,2.257086123896618890e-01,5.297355192924906309e-01,1.942273826245340285e+00,3.462245191761669005e+00,5.772809983533300692e+05,5.239096097690993920e+05,6.556104753721881025e+03,5.499363764704982671e+00
4.646464646464646187e+00,8.976136013895933274e+01,3.753751124536950812e+00,1.555089453690045609e+01,2.162517435681856615e-01,4.870975074762329826e-01,1.149873833825119984e+00,1.899525063163027605e+00,9.410219719896583119e+05,2.034230728954359656e+05,5.157766922649343542e+03,5.091257687281946609e+00,3.765474387133926903e+00,2.324970579199464638e+01,2.532542320504503341e-01,4.871463264159218154e-01,1.242683503343226636e+00,1.881812922748537176e+00,9.111435062354188412e+05,2.716724154671219876e+05,7.737119447025941554e+03,5.127880459030782490e+00
4.747474747474747403e+00,9.239072311485227829e+01,2.725405570729451998e+00,3.560234684938829020e+01,2.561051089715116746e-01,4.837890082331609554e-01,1.684573465608304232e+00,3.499353056102901594e+00,2.695031260703434818e+05,8.929534403019706951e+05,7.080548055555494102e+03,6.911877429423493702e+00,2.728462273323663201e+00,3.546115105732324224e+01,2.396653369154046753e-01,4.824143001436019262e-01,1.698170616307099090e+00,2.904852941777315678e+00,2.404411893499938597e+05,8.758960818964437349e+05,4.415996090201379957e+03,6.363706127091851350e+00
4.848484848484848619e+00,7.853787248946919419e+01,3.281783624291042312e+00,2.121180190191601156e+01,1.782373909214725327e-01,5.247852487944466571e-01,1.503595004529379997e+00,2.865522127981006140e+00,5.194692029205895960e+05,2.330419638813516358e+05,3.016984706791730787e+03,4.940419197892666148e+00,3.299735010812053115e+00,2.135152042922276650e+01,1.773865293906627671e-01,5.240191101301980847e-01,1.885157389141945306e+00,2.879607076382331599e+00,4.047970882622687495e+05,2.863709481893873308e+05,2.896844154481114856e+03,4.907512063138346647e+00
4.949494949494949836e+00,8.423512749218845386e+01,2.797425378417304653e+00,2.800498357536681127e+01,2.304545837333083769e-01,2.929204920771993903e-01,1.824815659762932363e+00,3.139081970927696918e+00,4.438874949803579948e+05,9.565341708956173388e+05,7.614376169824661702e+03,6.025827560022729124e+00,2.810781149006439161e+00,2.827515453388181399e+01,2.167951277380218422e-01,2.924020130547989038e-01,1.839917515431794603e+00,2.839205864896154896e+00,3.598619133660852676e+05,8.434033279771730304e+05,7.566287323341413867e+03,6.005525609594114300e+00
5.050505050505050164e+00,8.999185195893416278e+01,1.827243897840655551e+00,3.187867978689427062e+01,1.396111079102431707e-01,3.140055457859460275e-01,1.963111268447092161e+00,3.625800463448658917e+00,3.946912251957175322e+05,3.739817553668005276e+05,8.503610527324435679e+03,5.935453320847493330e+00,1.845607896470617071e+00,3.643480640622784961e+01,1.392007762748333211e-01,3.135989282926804345e-01,2.130579131093070622e+00,3.111882074229816109e+00,5.305331917275233427e+05,4.705546367128988495e+05,8.603926244056277937e+03,5.474451866151943236e+00
5.151515151515151381e+00,7.706608532999766226e+01,3.071890980303849439e+00,1.683235386518078869e+01,1.096307100824939207e-01,4.104267967902552883e-01,1.383272839319015901e+00,2.036446067255377024e+00,5.381060795060246019e+05,5.748580235415195348e+05,8.809811794260727993e+02,4.253884176894751512e+00,3.575645721434422164e+00,1.673463045217231837e+01,1.102724992818172184e-01,4.095671404465855425e-01,1.700438590426901486e+00,2.044966077487615053e+00,5.891683584817703813e+05,4.429764607096774853e+05,1.772316283869178278e+03,4.216634300617290165e+00
5.252525252525252597e+00,8.905538666203293019e+01,2.950825858482585051e+00,2.508427342949034866e+01,2.007618009954280913e-01,4.885403897847576671e-01,1.583103871971274001e+00,2.684450133024500307e+00,4.605747694743991015e+05,4.554411909817297128e+05,6.371075034310555566e+03,4.861498854323318852e+00,2.953156153375039672e+00,2.514317862037874463e+01,1.718845825642115743e-01,4.917859035568207804e-01,2.009610410658566160e+00,2.680001235775857804e+00,5.405681676423772005e+05,3.124751083560467232e+05,5.795913331745457981e+03,4.813125921789682238e+00
5.353535353535353813e+00,8.541160628384888298e+01,3.054289061452082787e+00,2.859048361360851231e+01,2.006506280941457443e-01,5.560620115233237959e-01,1.853872903456792454e+00,3.359288129026767766e+00,8.378021176272353623e+05,7.968592408706872957e+05,5.842101384675623194e+03,5.421397861188069989e+00,3.084985228826470749e+00,3.154162318230402207e+01,1.987914381547011555e-01,5.527960432194168883e-01,1.859339105757193522e+00,3.363972835928541905e+00,8.249643209661880974e+05,8.839612949623637833e+05,5.915535723475612031e+03,5.419966362719549124e+00
5.454545454545454142e+00,7.655848262546672345e+01,1.771637290774510154e+00,2.894569012052389922e+01,6.770731782175652691e-02,6.142365904577392621e-01,1.760783532560207476e+00,2.843857712491525191e+00,8.999379309703683248e+05,6.032915999996321043e+05,5.660312280118737362e+03,5.161173860322370466e+00,1.781666285136028094e+00,3.727247812955955908e+01,6.766659215254693105e-02,6.095892336735783124e-01,2.167919228808984133e+00,2.818801203764944141e+00,6.402496380252694944e+05,6.622856147993969498e+05,9.102059633901251800e+03,5.109820279181754188e+00
5.555555555555555358e+00,8.502140653795662217e+01,2.551883202193522049e+00,3.128690149224255279e+01,1.883651169896305710e-01,4.792688748034689694e-01,1.939559408992384881e+00,3.597123667929269075e+00,3.065493955364778521e+05,4.765175932304002927e+05,8.053238832331542653e+03,6.049464925522083369e+00,2.846147724345157837e+00,3.116811026050633160e+01,1.885022073616675065e-01,4.795695875763895111e-01,2.403842814178642318e+00,3.595864261092142744e+00,3.265055505451309728e+05,4.787521903941049241e+05,5.134468945192758838e+03,5.379394376947072232e+00
5.656565656565656575e+00,8.675704036769286631e+01,3.094121318254271724e+00,2.413778422310359417e+01,1.662384353246320889e-01,4.507685598693351170e-01,1.574831766537950095e+00,2.569267852763493565e+00,2.608516453384054475e+05,5.197419280234035105e+05,9.522260920308925051e+03,5.674990553357451617e+00,3.124970693281444500e+00,2.267760602004173975e+01,1.662109335696780321e-01,4.503053234121374704e-01,1.574469810131580383e+00,2.281649479284486137e+00,6.598405151367591461e+05,7.609195575846865540e+05,9.864640653605138141e+03,5.621131942865810416e+00
5.757575757575757791e+00,8.585512505342713041e+01,2.638109099850426631e+00,2.587518948539430141e+01,1.933656335152010020e-01,4.701301228482884231e-01,1.553124967449156513e+00,2.487659570757589034e+00,8.769168019516821951e+05,2.723803996671754867e+05,2.837839300425022429e+03,4.603582868891217039e+00,2.772839302321083554e+00,2.589262778475007565e+01,1.928486598083379300e-01,4.400055505255112132e-01,1.567584654448394899e+00,2.510128676687753302e+00,6.914543793688178994e+05,2.298685776997502253e+05,2.703379146697353463e+03,4.557777964309792651e+00
5.858585858585858119e+00,8.679143260004869376e+01,2.841346462173814480e+00,2.329024587192897044e+01,1.623049748559007022e-01,5.678789024327733914e-01,1.912431305339214571e+00,3.831318653158677368e+00,5.268195481640408980e+05,4.912347577634141780e+05,3.858666314609016808e+03,5.601466938721644695e+00,3.385110409482548377e+00,2.495238177455590289e+01,1.622903224124851440e-01,5.679206027199790174e-01,1.929396891484581156e+00,3.052925857051509873e+00,5.244463090862804092e+05,5.535731066248294665e+05,5.144107978720352548e+03,5.159034332465579631e+00
5.959595959595959336e+00,8.001156429342960053e+01,2.599115922875701035e+00,3.146310185221369693e+01,1.755098830773574592e-01,5.133971703293435107e-01,1.768825066415109948e+00,3.077474308370384826e+00,6.726235321854619542e+05,6.852170451982885133e+05,5.788523274638066141e+03,5.408808244898699158e+00,2.673095047491628851e+00,3.166524242344486240e+01,1.749495492083342763e-01,5.126849873551097003e-01,2.071879904556976904e+00,3.074225573182527427e+00,5.513416131519271294e+05,7.341077182678714162e+05,5.785475471412469233e+03,5.408855767542865678e+00
6.060606060606060552e+00,9.750003797671382699e+01,2.840689511566604875e+00,3.154297323364025374e+01,2.212656621203455687e-01,6.243016055690256971e-01,2.060286782100575920e+00,3.670113148975075124e+00,8.514071633071992546e+05,4.036491122411788674e+05,8.478248963631609513e+03,4.979553913845943036e+00,3.116880648836519718e+00,3.620110135011410080e+01,2.194754369412832973e-01,6.297738058029458408e-01,2.076467193197772954e+00,3.643084679221171296e+00,7.687306270545137813e+05,4.150120755172796198e+05,8.831342603730096016e+03,5.370661708686012226e+00
6.161616161616161769e+00,9.959825683811109798e+01,2.914831885879535012e+00,3.144129570490155601e+01,2.329139741533744756e-01,5.480819955673831290e-01,2.105063545535374558e+00,4.153025098129853099e+00,5.313901269094698364e+05,8.725839741015103646e+05,3.056590973854845743e+03,5.720856686625483967e+00,3.482498486176178965e+00,2.696065958618991587e+01,2.328708960376724146e-01,5.487444005817861958e-01,2.255344569491461115e+00,4.143184465888212209e+00,6.179941450040487107e+05,7.345141147171262419e+05,2.830715395269209239e+03,5.378902653958755664e+00
6.262626262626262097e+00,9.564872175428905621e+01,1.874821107398485287e+00,3.631732452430696867e+01,1.333051760811834741e-01,2.976465330334361892e-01,2.027369789904636566e+00,3.060918476441952141e+00,2.786995821918569272e+05,4.387925103744227672e+05,7.477277183523923668e+03,5.404423956360319359e+00,1.890246138565707890e+00,4.879926298099279336e+01,1.321774200914271336e-01,2.955560753226271764e-01,2.641143623807709062e+00,3.156455203540928789e+00,3.241968905487749144e+05,6.248569963564188220e+05,6.165609392310831936e+03,5.108908394701722422e+00
6.363636363636363313e+00,8.686661506413949496e+01,2.395851193954211755e+00,3.050310780485227014e+01,1.868690540747997564e-01,5.533139498212790164e-01,1.590754138515652505e+00,2.814358464212748157e+00,9.918636058595830109e+05,6.151022412171330070e+05,4.519437569360347879e+03,5.427409367800573037e+00,2.518214357146172588e+00,3.951064147882964761e+01,1.870306393475804629e-01,5.553943539614139002e-01,1.868018699962405549e+00,2.815095149743851000e+00,5.438082257139261346e+05,6.551362335429970408e+05,4.813041993330435616e+03,5.426712054506371175e+00
6.464646464646464530e+00,8.921238926837106931e+01,3.348814170780083810e+00,2.228295049462046151e+01,2.134912351308596301e-01,4.590269517952052514e-01,1.499141012829044994e+00,2.831634731453276377e+00,5.304549108042796142e+05,8.833353690780414036e+05,4.856174461425778645e+03,5.851602288455020506e+00,3.340952702067761848e+00,2.678129146879730627e+01,2.140519151808696063e-01,4.590173162200396617e-01,1.505463961854537347e+00,2.475023454467728978e+00,6.705556822821334936e+05,9.500908787458841689e+05,4.298156715346842248e+03,5.443835959116682055e+00
6.565656565656565746e+00,8.825763846956895975e+01,3.744003806875193519e+00,2.096609380062514560e+01,1.810427155861807635e-01,5.290742205222631611e-01,1.518139202220927464e+00,2.399102678910950637e+00,7.540283034387143562e+05,5.386183231035745703e+05,6.682937412620176474e+03,5.091610599627580669e+00,3.850843640660207345e+00,2.110373555583601402e+01,1.809625362646699320e-01,5.280378111015946452e-01,1.605961406072030861e+00,1.798607849035347206e+00,7.735596163674482377e+05,8.777836822185766650e+05,8.863745822847717136e+03,5.050884423972807902e+00
6.666666666666666963e+00,9.709360939454776940e+01,2.893248100774075571e+00,2.985395294406835731e+01,2.275953400747566802e-01,4.841423885245693115e-01,2.037838658555263027e+00,3.881451219537128239e+00,5.276653922644273844e+05,6.290452428856501356e+05,5.629208204617565571e+03,5.820610808218598997e+00,3.072047390759633956e+00,3.584862966114097560e+01,2.280542319785747174e-01,4.829320727201201202e-01,2.454544475472868914e+00,3.858179176084931772e+00,6.277869898239072645e+05,5.315454941831124015e+05,6.351013539270785259e+03,5.217146403490171558e+00
6.767676767676767291e+00,9.417623780774233921e+01,2.339031630664135886e+00,3.557733164533944858e+01,1.744387315077813583e-01,4.815235959120673925e-01,1.813839057969276469e+00,3.294036828665678485e+00,5.483171604644808685e+05,5.024488803111765301e+05,8.902583565126149551e+03,5.656208976246709597e+00,2.634795561646952056e+00,3.476197292131936933e+01,1.728101265939244735e-01,4.813272680809959625e-01,1.830570206903998853e+00,3.093340361846820485e+00,3.720847317213896313e+05,6.688293410658757202e+05,6.245653091014426536e+03,5.501001614750799185e+00
6.868686868686868507e+00,8.839627825927706795e+01,2.595427678859807852e+00,3.382714160252265145e+01,2.000428558868559137e-01,5.446952623952842076e-01,1.751008135107166908e+00,3.347513828249717438e+00,4.724149899803491426e+05,5.671971665250310907e+05,6.623205988413158593e+03,5.774530132662669679e+00,2.917704148649498563e+00,3.382677950011041190e+01,1.987436738395369773e-01,5.457907952830962639e-01,1.988234996580572123e+00,3.170391820343406053e+00,6.433597430445775390e+05,6.704491977296848781e+05,6.629857922180464811e+03,5.417726787643379893e+00
6.969696969696969724e+00,9.312633021152311130e+01,3.297717961074472903e+00,2.855921556520869942e+01,2.587966964485883259e-01,5.915906403895073717e-01,1.521912922328993112e+00,3.195462229390348075e+00,5.789014618537643692e+05,2.782773265733161825e+05,5.872353972057710962e+03,5.651926108605444199e+00,3.330860852164210684e+00,3.057700528426810749e+01,2.565663836675411424e-01,5.916812563174199679e-01,1.710860422967344086e+00,3.093298383051225731e+00,4.280745055056544952e+05,3.221080626753882389e+05,7.548445261994159409e+03,5.669664628206477097e+00
7.070707070707070940e+00,7.707487913035916449e+01,4.116166466648958355e+00,1.772325684391564238e+01,1.928442942306874408e-01,6.163972580530302503e-01,9.628826526991443036e-01,1.338826987956164283e+00,6.194611040753113339e+05,7.445854602494009305e+05,4.236777906822075238e+03,5.390713202467641629e+00,4.106092347972108314e+00,1.956841045948996083e+01,1.926183311763939032e-01,6.150886328932930747e-01,9.591973234045700902e-01,1.327938940812082746e+00,6.362204350776465144e+05,6.943051569236336509e+05,5.198390376356263005e+03,5.347354730462226868e+00
7.171717171717171269e+00,8.278312826076535202e+01,3.786935755166884743e+00,1.616752176300776966e+01,1.407284872587733215e-01,5.485481345047399371e-01,1.506047301003528682e+00,2.389830756663213318e+00,4.862500116470849025e+05,8.937826447247876786e+05,7.985807931718450163e+03,6.046053250122105815e+00,3.799092280072897232e+00,1.725150912711130857e+01,1.406846718326977552e-01,5.485507408379856065e-01,1.521174700976696048e+00,2.340507134425962921e+00,7.347809605820381548e+05,8.910083043325050967e+05,8.601105767851408018e+03,5.805335178865219881e+00
7.272727272727272485e+00,8.247165481418693389e+01,3.225394000416409224e+00,1.939452583948082776e+01,1.653259424727641091e-01,4.150565660274436741e-01,1.785878936978582132e+00,2.712407495277809222e+00,3.601265340238106437e+05,9.365319713313877583e+05,7.401556852771827835e+03,5.729623765435770899e+00,3.196080048232159410e+00,2.515495549434021072e+01,1.653211378739025128e-01,4.150765431625157431e-01,1.892293751166355120e+00,2.708016191714888610e+00,3.580563702638403047e+05,9.231307786595469806e+05,8.769427223427530407e+03,5.688425706769672630e+00
7.373737373737373701e+00,1.022473572086406648e+02,3.352660878657617971e+00,1.919618586740586963e+01,1.678746623760976331e-01,4.203616919284215991e-01,1.985418906885397128e+00,3.007048931467376285e+00,7.635221189268274466e+05,7.593120901745130541e+05,4.157030538303738467e+03,5.079839937582501186e+00,3.221473091272341271e+00,1.802357080966026359e+01,1.678374299771093203e-01,4.175564497536321529e-01,2.298962832772132980e+00,2.994083421839893955e+00,6.597195420029406669e+05,6.773337476299694972e+05,4.742032644966382577e+03,5.288138375375296185e+00
7.474747474747474918e+00,8.678433553645324139e+01,3.080933243666703181e+00,2.970205011467117373e+01,2.455973954132756043e-01,4.475417295386474592e-01,1.461919090567835866e+00,2.536000156522896010e+00,9.973365679524203297e+05,3.412703201509650680e+05,5.367247070121958131e+03,4.804828070692943598e+00,3.591972620922305737e+00,2.986209875213818776e+01,2.455944330211842497e-01,4.493202178460043994e-01,1.654734004302319761e+00,2.533666789431749056e+00,8.790525437269232934e+05,4.156717399486841750e+05,5.737325618999662765e+03,4.757505745025340183e+00
7.575757575757575246e+00,8.743115353438770398e+01,3.013223158623929976e+00,2.718202840133519160e+01,2.827362497052399171e-01,5.155172208509475329e-01,1.690272886455314705e+00,3.477754718422405578e+00,8.666810789315671427e+05,4.176975891978895525e+05,6.631049146701749123e+03,5.883745625231132870e+00,3.011613655925944322e+00,3.792353828224736390e+01,2.827953699274826094e-01,5.182413105580572221e-01,1.707260300734716019e+00,3.471259407432501831e+00,6.370277624989474425e+05,4.547628458827948780e+05,6.370569861831278104e+03,5.859324245174098778e+00
7.676767676767676463e+00,7.980712685600484235e+01,2.989348514798198408e+00,1.916570273864190455e+01,1.267248798816571487e-01,4.965998107301275444e-01,1.419708370164164624e+00,2.530066717449710456e+00,3.626204215693172882e+05,6.889509629545290954e+05,5.652661894317346196e+03,6.044414002252294082e+00,3.011031442453750540e+00,2.003902727546717344e+01,1.267267334915740951e-01,4.967030858504309365e-01,1.607997182955377635e+00,2.509970319670256078e+00,2.935857094129727338e+05,8.060753671302343719e+05,6.452273509971063504e+03,6.060140433988464359e+00
7.777777777777777679e+00,8.796016103006726894e+01,3.808771280538395754e+00,1.526559363437609917e+01,7.832299967417274966e-02,4.680201355958617526e-01,1.853296390019525619e+00,3.292301906534750966e+00,2.845574251241481397e+05,8.388455801183754811e+05,6.226081463274306770e+03,6.077860975277991074e+00,3.840924274527263815e+00,1.559637465721348804e+01,7.831941956178060937e-02,4.680770492929071103e-01,2.153862176942089146e+00,3.292279578217213398e+00,4.871182109913518652e+05,9.103917734622795833e+05,7.028014750052840100e+03,5.708442497185287401e+00
7.878787878787878896e+00,8.148603014430145208e+01,3.149075254459277939e+00,1.714645547542830784e+01,8.689687325303854792e-02,5.750151516973913690e-01,1.881655032293950702e+00,3.123881242835531591e+00,3.173884993108257186e+05,6.896305624648533994e+05,9.257037565505788734e+03,6.153209693449557705e+00,3.355897549928831047e+00,1.717301630425773951e+01,8.666244985525282940e-02,5.792721256631083726e-01,2.352699832411091485e+00,3.119898468759151999e+00,4.940620540517324698e+05,8.927475113006161992e+05,9.165429719608595406e+03,5.612737710062538632e+00
7.979797979797979224e+00,8.612177342413343695e+01,2.937813904835360201e+00,1.833577721245227465e+01,1.259791183986988528e-01,3.835702299912714941e-01,2.026496973900467236e+00,3.478475992593752064e+00,3.785431918410368962e+05,7.581478616515120957e+05,8.527428161752666711e+03,6.021669066350205490e+00,3.106133854851663934e+00,1.828687982148311519e+01,1.247256506313478980e-01,3.837441154656754949e-01,2.210606918252110198e+00,3.485378873216873341e+00,3.641407827027079766e+05,6.817515999491355615e+05,9.234188167332009471e+03,6.015665399621161313e+00
8.080808080808081328e+00,7.841672465258631064e+01,3.024895840354695942e+00,1.652659806372003359e+01,1.308246878263842894e-01,3.750158873068989429e-01,1.705263275935205547e+00,2.931676288390411500e+00,7.586920596929664025e+05,7.122927630014066817e+05,6.968416183840022313e+03,5.817643898696948312e+00,3.050576460233247023e+00,1.669269240856157310e+01,1.310475973713556008e-01,3.733723273612080118e-01,1.716157947926186367e+00,2.929730475169438630e+00,7.378372441344110994e+05,5.521096866985083325e+05,6.729124973895992298e+03,5.846947278878291243e+00
8.181818181818181657e+00,8.898988212595813252e+01,3.444424003372734688e+00,2.610078769128823595e+01,2.568415888213645970e-01,5.233874362358044152e-01,1.664787895761414616e+00,3.699278025426068872e+00,8.328828680744043086e+05,7.305340857993328245e+05,6.157560646868112599e+03,5.991780863886460473e+00,3.478665056693886815e+00,2.635785435316904568e+01,2.567765150666238561e-01,5.206292882735481520e-01,1.678056870093338704e+00,3.750402358025859417e+00,8.375483988846712746e+05,9.075526467679741327e+05,7.433689884832738244e+03,6.037757286596129092e+00
8.282828282828281985e+00,8.662065175495671099e+01,2.915139591975534739e+00,2.724597000285067594e+01,2.132299762536526699e-01,4.483967290597873911e-01,1.586772140187570290e+00,2.492574984456903842e+00,2.444919766260240867e+05,8.379572734650250059e+05,3.040930983812457271e+03,5.696231160274376926e+00,2.925293124969628344e+00,3.330015281256936532e+01,2.129395529191987768e-01,4.492554643059174513e-01,1.665714351100794133e+00,2.468955851931005530e+00,1.864194419173407950e+05,9.268807252524973592e+05,3.577684487529285889e+03,5.674751360245818610e+00
8.383838383838384090e+00,8.695086158947665922e+01,2.794301145181366852e+00,3.274262769200013423e+01,2.024694561416345018e-01,5.508450824953853298e-01,2.382981891020582221e+00,3.757966722446957508e+00,3.628165465745555703e+05,7.920468981906098779e+05,9.538869776534464108e+03,5.964018663757405747e+00,2.808280128013476595e+00,3.241683040892910839e+01,2.016510854425627164e-01,5.508341732762986886e-01,2.436049577913736996e+00,3.728012884367259527e+00,4.821792916445367155e+05,7.639382982074487954e+05,9.563786622715106205e+03,5.933887841777909955e+00
8.484848484848484418e+00,8.350841634719515127e+01,3.439680589679005696e+00,1.769657617983954978e+01,1.915588917851361039e-01,3.341369690881049181e-01,1.941378486529577563e+00,3.233683323019587608e+00,3.842042431959206588e+05,4.970653835368852015e+05,7.052926153060472643e+03,5.804553581812772478e+00,3.451037107598108555e+00,1.770573679109432064e+01,1.896976131827824430e-01,3.313120014560029802e-01,1.953633304871469578e+00,3.226861747116636980e+00,7.819974303327925736e+05,6.202757637006480945e+05,7.260023987638101062e+03,5.832963133355853813e+00
8.585858585858586522e+00,8.961014927160121601e+01,3.303069822486727425e+00,2.374363745327580233e+01,2.058290338006528164e-01,5.402603554967416732e-01,1.823866465273909165e+00,2.813962315228019317e+00,5.217241606336099794e+05,4.667758540960170212e+05,6.002102098779752851e+03,5.311912062288839387e+00,3.482623018948672211e+00,2.377925876805242211e+01,2.058289702253325859e-01,5.413048935135804651e-01,1.909982233847050459e+00,2.802058281539688167e+00,6.005382278903671540e+05,5.244902690927900840e+05,6.334162394634064185e+03,5.296530240423394709e+00
8.686868686868686851e+00,8.080766361079696480e+01,2.847455881562631408e+00,1.611721835856256035e+01,5.457227124573394567e-02,3.631223993750604118e-01,1.738923746977607987e+00,3.000343922362933569e+00,7.195378540405468084e+05,4.075996370999368373e+05,7.125590718422976352e+03,5.119838392783271352e+00,2.862209561675429281e+00,1.442343221539459641e+01,5.452513630562567937e-02,3.637258418188188402e-01,2.545275715237913072e+00,3.027925168305444448e+00,5.205245274250307702e+05,6.511275029761008918e+05,6.607851002658376274e+03,5.112382284524604970e+00
8.787878787878787179e+00,8.075296146476634362e+01,2.497326683339150755e+00,2.346847179844368725e+01,1.484478124776077712e-01,3.079755911281603642e-01,1.472271724675680016e+00,2.231987950746634031e+00,7.332713089577134233e+05,2.396202421134081669e+05,7.401512821548022657e+03,4.729098967532357811e+00,2.618523236574493041e+00,2.347366417934637539e+01,1.476698421175757781e-01,3.079642058377823899e-01,1.792927025438673549e+00,2.230775248634345065e+00,7.393559539612511871e+05,2.521219244874793221e+05,6.937626984968414035e+03,4.562434756712395512e+00
8.888888888888889284e+00,9.174931769237863932e+01,3.816677102578894143e+00,2.020678406674181105e+01,2.417972746825658992e-01,3.960769089750745819e-01,1.137466599168426962e+00,2.078419856275406818e+00,9.281097524844432482e+05,5.786658887498609256e+05,6.381985893870779364e+03,5.622311697941707820e+00,3.719149628552159914e+00,1.947953719903959069e+01,2.416299564497567665e-01,3.956168513428441336e-01,1.226019216537538092e+00,2.078072627913186476e+00,7.532911201041578315e+05,5.334423936807245482e+05,5.393724222201739394e+03,5.673371814127243340e+00
8.989898989898989612e+00,7.948495153345305653e+01,2.715945207734987044e+00,1.778966691951900003e+01,9.313703334313319648e-02,4.206932483078076324e-01,1.619003413651528334e+00,2.455212015873131204e+00,8.503321246346628759e+05,8.429959265200247755e+05,5.344300044872134094e+03,5.133419390452719888e+00,2.738233085274877077e+00,2.000619496239815120e+01,9.334805429007232702e-02,4.213144755017161347e-01,1.635274627300487449e+00,2.259106886955728033e+00,5.172947065301456023e+05,7.622133601850910345e+05,4.280687672017523255e+03,5.088836017305125026e+00
9.090909090909089940e+00,8.887342964589581129e+01,2.933309273612711543e+00,3.644689022579758841e+01,3.101178946233497102e-01,5.749284434918044973e-01,1.587670286412150134e+00,3.332908176250209742e+00,6.853851019970395137e+05,6.089189873389648274e+05,6.806612563700991814e+03,6.312354531074108266e+00,3.253329887541010823e+00,3.854274036144720128e+01,3.107825414649850737e-01,5.749759645415519760e-01,1.589510571289617591e+00,3.328359372376792358e+00,5.975278258389869006e+05,6.109213988247480011e+05,7.881547771941660358e+03,6.314838650489320138e+00
9.191919191919192045e+00,8.647581228472137127e+01,3.344054288838167466e+00,2.986997257863259492e+01,2.575621966531681517e-01,5.512543306927460973e-01,1.669230736149831085e+00,3.174733382616302890e+00,8.451035365823552711e+05,3.886354197293049656e+05,7.494144817754115138e+03,5.412262701326151060e+00,3.354363572195536936e+00,2.841627668549429941e+01,2.561093678435690246e-01,5.512075059986835113e-01,2.040528469288989566e+00,3.157293153325396950e+00,9.303341865086967591e+05,5.508198595676033292e+05,7.475727650009303034e+03,5.395898707356850288e+00
9.292929292929292373e+00,8.789495376405500338e+01,2.497924497741452754e+00,2.726023084956161568e+01,1.614037581403605370e-01,5.443982527572777119e-01,1.774783040868564532e+00,3.221768430406853234e+00,2.206770833032238588e+05,4.801823954051187029e+05,6.178700270738367180e+03,6.192381813194953288e+00,2.703823571970448647e+00,2.709543066410617129e+01,1.625663697064867186e-01,5.432919506651440189e-01,1.970559320996877917e+00,3.223282888776991761e+00,2.594908397778484505e+05,4.054513248014917481e+05,7.290930264768867346e+03,5.995654909512725617e+00
9.393939393939394478e+00,9.221047354722139744e+01,3.088840282651225788e+00,2.470999348622004987e+01,1.977928379380915480e-01,3.681464338317930185e-01,2.028676509883625911e+00,3.259517291591572885e+00,6.111476381646440132e+05,6.472093055592550663e+05,5.497323114161350532e+03,5.214159448625763638e+00,3.116558311440929874e+00,2.465844565652509957e+01,1.959651435896228866e-01,3.676659098514872825e-01,2.238357005291183199e+00,3.138458220120905029e+00,6.213333192697075428e+05,6.146961915447221836e+05,5.487816762958605977e+03,5.098320928415440711e+00
9.494949494949494806e+00,8.611813732741454430e+01,3.972385681535359758e+00,1.378785546706940224e+01,1.603422916077051619e-01,4.427454738371298659e-01,1.869319504726268288e+00,2.908976876004256695e+00,6.743958119268357987e+05,3.462604995544534759e+05,4.851849753532277646e+03,5.321739810694397832e+00,3.962977055531915482e+00,1.495947631688815704e+01,1.602813218614134727e-01,4.397746852597594347e-01,2.066606160036157380e+00,2.880058155587010393e+00,6.763056761565792840e+05,3.960044672225455288e+05,7.761759254204644094e+03,5.317029485003516243e+00
9.595959595959595134e+00,9.203951320098984468e+01,2.864199397653849122e+00,3.856712185128499470e+01,2.427064543059355151e-01,5.347554317090775777e-01,2.054170521142239192e+00,3.624355477818252513e+00,2.824933489079867140e+05,7.918857379543706775e+05,5.774109999578753559e+03,6.108116195239173152e+00,3.012053060505790913e+00,3.626321964546239229e+01,2.419584441213041281e-01,5.333482620732477031e-01,2.056871878122359387e+00,3.372049157969170707e+00,2.801502828055059654e+05,6.845269516529930988e+05,7.107196747846078324e+03,6.063493329537167575e+00
9.696969696969697239e+00,7.987780684463092484e+01,3.113563298914301836e+00,1.986645881642992251e+01,9.834678309851346834e-02,6.463163289613418350e-01,1.994028231728807832e+00,3.408863646769401345e+00,8.223832975144432858e+05,7.470643969006768893e+05,5.798228794942506283e+03,5.306335788700138778e+00,3.106327728441311553e+00,2.064253249151085257e+01,9.819479258832854163e-02,6.458759381318168735e-01,2.209403433057223420e+00,3.393215878315402279e+00,8.164205240590730682e+05,8.225791756716310047e+05,7.739557315812842717e+03,5.359664920246788533e+00
9.797979797979797567e+00,9.947001024238505806e+01,2.710778563637966876e+00,4.169704645233026952e+01,2.556078177331087553e-01,3.872386103862454076e-01,1.871154058200515280e+00,3.436381060894952544e+00,5.518758267234514933e+05,6.434643545425918419e+05,8.912021976790152621e+03,5.848614582324495714e+00,2.738022365436009853e+00,4.167132032502360772e+01,2.434772210087321753e-01,3.768635847191126875e-01,1.917729944564150468e+00,3.146805691313549147e+00,3.808564676991432789e+05,7.027697193539147265e+05,8.195397714125139828e+03,5.837862972536556505e+00
9.898989898989899672e+00,9.494011312462045282e+01,3.367120383780767501e+00,2.500538843722489446e+01,2.119158499477339641e-01,5.679834548406959005e-01,2.034772299379854932e+00,3.512333038591354040e+00,3.423551819600819726e+05,9.009592793970239582e+05,3.706940693404880676e+03,5.695591465396571351e+00,3.581614084268631260e+00,2.492828136424856567e+01,2.119839289580816022e-01,5.679834294995583788e-01,2.050323993799034294e+00,3.204699517283924326e+00,4.291311110357411089e+05,8.082467776049348759e+05,3.846888333124429209e+03,5.489992091311556521e+00
1.000000000000000000e+01,8.790219225135120951e+01,3.106178020147417840e+00,2.163997259565466535e+01,1.694831605469045988e-01,5.268339924232939842e-01,1.613411551122110321e+00,2.854601404229093475e+00,5.832571473718100460e+05,4.434006508821548196e+05,5.562551640991731801e+03,5.509204252695186099e+00,3.116948574108779013e+00,2.308475719622357758e+01,1.694831886204826998e-01,5.246242328036327951e-01,1.743053539055582801e+00,2.812130571158186321e+00,4.846974120952902595e+05,4.954808181698119733e+05,5.945582179801183884e+03,5.509224213000402770e+00
Synthetic Data/h1n1/h1n1 with 0.05 noise.csv
Synthetic Data/h5n1/h5n1 with 0.05 noise.csv
