1.000000000000000000e+01,9.160622876246110025e+01,2.837602917628339494e+00,3.432228603903630670e+01,2.269581862270171335e-01,5.266030672581518690e-01,2.100221433220040623e+00,3.210105678449223010e+00,5.836662112742442405e+05,1.898063062540189421e+05,3.943317990891230693e+03,4.453874991474426004e+00,2.823151420233446895e+00,3.453019034157460254e+01,2.267176741167048759e-01,5.112590233738628642e-01,2.082842513015139563e+00,3.224387150298099858e+00,8.863750856562211411e+05,1.958090874049054983e+05,4.339996215476141515e+03,4.409557950760300216e+00
1.090909090909090828e+01,9.111308310936125565e+01,3.343477337012092931e+00,1.392552436363850532e+01,1.290644818493655865e-01,4.271099931752259105e-01,1.549195130723719283e+00,2.533137092183688210e+00,2.932958056681099115e+05,4.625822306186202331e+05,5.353296775801254626e+03,6.351881490753997106e+00,3.371391870957447523e+00,1.406194607990631518e+01,1.290071392463247868e-01,4.272239085935882197e-01,1.624265319850719758e+00,2.514833381844822746e+00,3.496548770028359722e+05,4.459619265921021579e+05,5.559332449767372054e+03,6.151982578895620613e+00
1.181818181818181834e+01,8.550340285659198969e+01,3.745034372756763652e+00,1.219391064646763034e+01,3.578685495805151301e-02,4.288909386870463081e-01,1.321823302363002828e+00,1.352287948934196127e+00,8.912227145758767438e+04,6.233173796293197665e+05,5.270260334273200897e+03,5.449198972928305906e+00,3.763157737765467026e+00,1.230683508897706169e+01,3.584234252812165678e-02,4.071264334018582787e-01,1.309319886196077531e+00,1.338832819673243968e+00,1.169129786543504160e+05,4.706335522019308410e+05,4.534093983446524362e+03,5.377313134382085913e+00
1.272727272727272663e+01,8.213021769680948125e+01,3.836337244906335986e+00,1.752513026635135773e+01,1.773817978793414407e-01,4.674638922356392223e-01,1.848592016081337608e+00,3.524107817732152093e+00,3.938163588143597590e+05,3.453378038611684460e+05,7.314772577622102290e+03,5.989278024132496547e+00,3.813857679547747015e+00,1.770497313811550200e+01,1.773915807015632451e-01,4.673519800618436415e-01,1.850981122705417814e+00,3.489042488002722209e+00,3.974306712383709382e+05,4.142558865147114848e+05,4.976465437292368733e+03,5.971202129664806790e+00
1.363636363636363669e+01,8.696720745633213312e+01,3.193881236568570259e+00,2.753736918928724364e+01,1.694409753364210236e-01,7.036064923513720704e-01,2.139356672552482852e+00,3.564358417166538118e+00,7.361755597665433306e+05,7.547112104631130351e+05,7.919440590919823080e+03,5.424683374916845047e+00,3.197093241401353758e+00,2.768274989288719468e+01,1.693303063155570110e-01,7.037904177589527910e-01,2.205609460287358381e+00,3.561713257337948857e+00,7.610077851428077556e+05,8.032495659510461846e+05,7.188324789847904867e+03,5.443699960728808129e+00
1.454545454545454497e+01,8.295462375386969711e+01,3.446076749001504513e+00,1.797770920346663814e+01,1.519435168416561066e-01,5.593984068083484029e-01,1.875977546043152699e+00,2.946393886070016954e+00,3.433505181780226994e+05,5.159582636108269216e+05,6.257073937881541497e+03,5.838585574883591534e+00,3.453734368569306046e+00,1.865978982126074825e+01,1.514791732727973350e-01,5.573125042381797956e-01,2.050617850679937959e+00,2.933847447522933916e+00,2.687302972555058659e+05,5.149945888848476461e+05,6.892805050267758816e+03,5.897264824669349537e+00
1.545454545454545325e+01,7.909312535704590630e+01,2.548314851532029746e+00,2.338379812179604045e+01,1.367572164053943717e-01,4.179434303631673342e-01,2.077421333179911400e+00,3.463436299856237355e+00,5.920226025304150535e+05,7.909915041340894531e+05,4.804010878106209020e+03,5.499568711201992421e+00,2.551272634907765458e+00,2.361032707255283825e+01,1.370400544024393541e-01,4.179484941560890898e-01,2.098193547319935792e+00,3.470245554893513606e+00,5.070686588287257473e+05,6.969650494166355347e+05,4.677485224092108183e+03,5.472921510157453540e+00
1.636363636363636331e+01,7.957299856724849008e+01,2.976625628689033132e+00,3.385255699417942310e+01,2.295976677762936735e-01,4.337231861803961808e-01,1.637023591107463982e+00,2.426062234524094308e+00,4.705865775596034364e+05,7.852282228591915919e+05,9.172918590942155788e+03,5.606212971938817624e+00,3.006541393032783116e+00,3.405207249064633857e+01,2.279890431430042497e-01,4.343201971244750603e-01,1.769644067249473318e+00,2.416329914388402500e+00,4.731444225698888185e+05,9.047778763587699505e+05,9.261534011285599263e+03,5.635918629714335992e+00
1.727272727272727337e+01,8.049126864532399850e+01,3.223796987156200888e+00,2.021393580270603962e+01,1.660383117730397096e-01,5.853625981886941831e-01,2.230297126353740556e+00,4.397878958764832369e+00,2.078033436893464823e+05,2.845451060948377126e+05,7.864545219849510431e+03,6.507099737844746379e+00,3.230060263307269253e+00,2.012791316649141393e+01,1.662269522862659665e-01,5.854748804171584498e-01,2.227941605003242120e+00,4.397707620876527557e+00,2.495855473814515281e+05,2.852395959424028406e+05,7.092799947549821809e+03,6.484383728078313425e+00
1.818181818181817988e+01,9.095092627119436202e+01,2.565739183852980165e+00,2.542034160521819075e+01,1.745241355534459249e-01,4.319178899041422603e-01,2.577533610022932464e+00,4.013108498682898428e+00,5.984577803657632321e+05,6.842490458448990248e+05,5.639961268799624122e+03,5.381687210804196653e+00,2.541906716282379630e+00,2.961219825811183881e+01,1.743926165872572431e-01,4.330176368833324463e-01,2.574622443771441560e+00,3.981030535709144669e+00,6.275546532294137869e+05,8.254651102238197345e+05,4.093805291269181453e+03,5.423834044829106915e+00
1.909090909090908994e+01,7.758978292304199442e+01,2.940642977713647799e+00,2.235984769538383787e+01,1.772033292633933832e-01,5.412850414134080523e-01,1.528208160814838124e+00,2.441887114711165374e+00,4.359084593464338104e+05,4.449957498642691062e+05,9.298437488349627529e+03,5.969138714084349928e+00,2.963019754643537063e+00,2.216518988285599789e+01,1.772798469292633794e-01,5.366199134944118487e-01,1.583237635269616250e+00,2.440123784413233743e+00,3.669028961403426365e+05,3.692059617192579899e+05,9.335589339773481697e+03,5.995003336751938861e+00
2.000000000000000000e+01,8.529402172400648396e+01,3.043191964158316054e+00,2.329536116738086804e+01,1.936596918264731626e-01,4.434016781369494176e-01,2.085487577219385713e+00,3.162402231904205774e+00,5.134720054845152190e+05,6.910144240357672097e+05,4.731441710912683448e+03,5.458401023066840274e+00,3.060523888691226713e+00,2.309691212006757155e+01,1.936836711769923114e-01,4.433200399760912624e-01,2.086489098896830541e+00,3.151616985203325783e+00,5.834098318730308674e+05,7.792871378050473286e+05,4.635861060297316726e+03,5.499414492203497318e+00
2.090909090909090651e+01,8.503706309229832527e+01,2.889484449759516682e+00,2.404686252669697666e+01,1.685342944164813783e-01,5.437532383289056526e-01,2.092700597418167607e+00,3.331805422827572638e+00,6.506267250682698796e+05,3.829626955678675440e+05,6.120777275995546006e+03,5.202255489641420816e+00,2.880368167647381572e+00,2.622705853841249279e+01,1.689447427741998242e-01,5.431581355966369484e-01,2.096290686844479279e+00,3.313092825396100949e+00,6.957113384727552766e+05,3.775114701215886744e+05,6.528491698773335884e+03,5.173297427830607198e+00
2.181818181818182012e+01,7.563822631926589679e+01,3.177706237992552030e+00,1.964200104045320217e+01,1.313317027072516130e-01,5.425591663634082851e-01,1.792259274279562442e+00,2.398061979517273734e+00,5.742402734794140270e+04,5.989600573931632098e+05,5.273117760250765059e+03,6.297478928384560248e+00,3.209642511587424973e+00,1.983397683105292231e+01,1.323293076967629600e-01,5.451986053796207266e-01,1.808355116824959641e+00,2.406741634387353557e+00,6.661017776278083329e+04,7.076971920999493450e+05,5.221479789446489121e+03,6.314776977521818324e+00
2.272727272727272663e+01,9.324235077147598361e+01,3.698450341125280705e+00,2.200319698286814329e+01,2.278227090770833241e-01,4.451530427069827489e-01,2.152237594388552111e+00,3.457095845960095559e+00,5.625343208213730250e+05,7.517064567261160119e+05,8.236583816052323527e+03,5.673117560765177814e+00,3.704845102410324387e+00,2.120311261212534504e+01,2.275564996844756938e-01,4.451539903601430814e-01,2.445335787267931327e+00,3.455973402038816644e+00,5.760066779601518065e+05,7.496983110275508370e+05,7.319285876533370356e+03,5.634988086905649673e+00
2.363636363636363669e+01,8.514415699278863769e+01,3.422725615341792427e+00,1.778601006796182560e+01,1.772323378706877617e-01,4.667185790324909767e-01,1.965598681749275878e+00,3.063809608143760688e+00,8.191043689406556077e+05,5.011679269798416644e+05,5.659074886399389470e+03,5.421364747741447943e+00,3.423565673417694022e+00,1.789718982489182153e+01,1.770928590333743224e-01,4.664613310877542829e-01,1.966464964174309715e+00,3.067837903167644154e+00,8.882988074981493410e+05,5.604196674169854959e+05,5.310327389949564349e+03,5.403978894859016613e+00
2.454545454545454675e+01,8.789554573123720616e+01,2.683679883768283148e+00,2.865239571142694786e+01,1.743292895663804964e-01,5.220136300128940254e-01,2.256961965607780840e+00,3.608462768041912572e+00,6.647758432474952424e+05,7.932603716605164809e+05,8.271946322919131489e+03,5.617974557491463905e+00,2.726845449453066283e+00,2.849253784167309433e+01,1.741558499924104886e-01,5.220697869105731526e-01,2.276525599445779147e+00,3.604844175532814887e+00,6.152424379021915374e+05,7.378004329146676464e+05,8.749561136145370256e+03,5.625914647777427113e+00
2.545454545454545325e+01,8.006886479571701898e+01,3.222864094119586742e+00,2.071745739279215570e+01,1.860115365984673641e-01,5.324501081750829812e-01,1.930374824938824840e+00,3.047179811227608504e+00,7.222130845943833701e+05,4.565649585161578143e+05,8.163105364302610724e+03,5.511780175799873227e+00,3.251451598798746012e+00,2.357405025631917184e+01,1.860238983751301145e-01,5.329049234377792876e-01,1.948006524555824015e+00,3.043484817756082705e+00,5.801019415282984264e+05,5.040774147336859605e+05,8.102666815021187176e+03,5.561287911106494342e+00
2.636363636363636331e+01,8.036814338771313260e+01,2.143861457332639553e+00,2.916235194341714987e+01,1.099880325995429009e-01,6.286231659717675946e-01,2.161967733385449897e+00,3.258954080899957528e+00,7.252198460359806195e+05,3.983096535686273128e+05,1.207844710895167282e+03,4.167702241412623465e+00,2.135254027699121870e+00,3.621211339297020260e+01,1.099933074481380807e-01,6.280835438403185034e-01,2.175166775553689202e+00,3.238595915111525336e+00,6.900346227813231526e+05,3.683324867066534352e+05,1.273155376014144622e+03,4.126233118083688645e+00
2.727272727272727337e+01,7.991425002098978325e+01,2.928210557083409160e+00,2.548502229228682481e+01,1.779086655178195309e-01,6.031025332132223804e-01,1.773369218547172110e+00,2.760557284654570509e+00,4.987141354342887062e+05,9.195737536890088813e+05,7.672272180404645042e+03,5.783582064805126599e+00,2.938293243348721884e+00,2.574015390449903862e+01,1.779030498865333820e-01,6.050887210960246287e-01,1.785377258949164991e+00,2.778512626109029604e+00,4.909859029111035052e+05,9.603678023001592373e+05,6.593548470495920810e+03,5.815463379419957946e+00
2.818181818181817988e+01,7.921311277461941813e+01,3.354307163212575826e+00,2.105492076539684732e+01,1.945764788093871378e-01,5.258273628613654438e-01,1.386647656795495065e+00,2.745787886127166288e+00,6.671605920977682108e+05,7.691699962054563221e+05,7.640891524647128790e+03,6.219415274492444468e+00,3.354216079101713710e+00,2.158877073693698634e+01,1.945697920298179451e-01,5.258559737669661338e-01,1.386686279052449677e+00,2.745889794565851361e+00,7.327457833305416862e+05,7.167418339957570424e+05,7.591079072673623159e+03,6.219339000559148900e+00
2.909090909090908994e+01,9.606583549143630307e+01,3.105682376365745956e+00,3.534867360069315367e+01,2.173032238853581100e-01,5.122120690871482251e-01,2.279595923106112476e+00,3.271313923633224707e+00,4.856395212590349256e+05,5.983315517155730631e+05,5.930202586765970409e+03,5.009641025731350616e+00,3.120893609940145641e+00,3.552630693573428999e+01,2.172915859245845294e-01,5.120993418351520443e-01,2.282239828513078272e+00,3.271558837956280552e+00,5.065034597454242175e+05,5.821859994392000372e+05,6.013829244696597925e+03,5.009963863117595118e+00
3.000000000000000000e+01,8.352788979174854944e+01,3.589127282298484545e+00,1.885049770838354277e+01,1.343269734415761529e-01,6.078055301860320059e-01,2.234531771977875447e+00,3.660550179115151348e+00,4.340708215756540303e+05,6.174050685123484582e+05,5.256802233214291846e+03,5.577058371432185524e+00,3.612014655010139297e+00,1.890651784465344321e+01,1.343225694836076012e-01,6.070228590401486324e-01,2.256989184225619560e+00,3.662172117526325543e+00,4.505606174740138813e+05,6.332281805452245753e+05,6.110980158035856221e+03,5.580989405362622335e+00
3.090909090909091006e+01,8.985158545291321275e+01,3.070354302858938844e+00,1.597538659245302917e+01,7.779190547503835040e-02,5.682358303648670228e-01,2.229804256394390283e+00,2.793623618448342505e+00,3.019709953054462676e+05,7.087147569514597999e+05,7.810089467974797117e+03,5.653175438234248062e+00,3.101211751533202499e+00,1.601323990183617241e+01,7.778908582437416008e-02,5.683384910361027886e-01,2.260088809472117877e+00,2.812071469550814218e+00,2.809583884313183371e+05,7.348350603310873266e+05,8.088496667223456825e+03,5.653395335464098004e+00
3.181818181818181657e+01,8.718493239180588716e+01,3.026209088767094713e+00,2.384283674290914234e+01,1.709059679922395325e-01,5.123319344614567505e-01,2.366818939153405132e+00,3.537407620769858152e+00,2.617209571271305031e+05,7.814412263929329347e+05,7.853932717861210222e+03,6.014379222594996577e+00,3.026234504784528934e+00,2.387187422460309705e+01,1.709152775212492703e-01,5.123161487423542049e-01,2.376150470462665698e+00,3.531050181404657540e+00,3.246182766590869869e+05,8.162127847437557066e+05,7.616281562435982778e+03,6.012968363496955071e+00
3.272727272727272663e+01,8.705336396895393136e+01,2.613618338807671471e+00,2.859551454845475504e+01,1.410963242149978758e-01,6.138514087250027673e-01,2.083738811236918842e+00,2.996050174977123337e+00,3.649885022850902751e+05,9.551921386108869920e+05,8.973574213859083102e+03,5.939875081706945004e+00,2.588542000215557692e+00,2.774175691562808410e+01,1.409494480832351460e-01,6.162066289771440664e-01,2.091329742736506070e+00,2.993715866812733051e+00,3.477676672083060839e+05,9.110531157573895762e+05,8.786041477562346699e+03,5.921908288746709381e+00
3.363636363636364024e+01,8.257851593517519007e+01,3.432563358594011405e+00,1.812193010984951513e+01,1.126894445597675098e-01,4.413298132960923326e-01,2.052305093423992144e+00,3.291391097542188504e+00,6.795389785089370562e+05,6.441747972951596603e+05,6.312043687583548490e+03,5.100152503587563224e+00,3.432344077215590428e+00,1.919694056651918856e+01,1.126398602313135461e-01,4.417748064635510508e-01,2.051431525570923675e+00,3.290983411958685600e+00,7.511700451017991873e+05,6.414705365678210510e+05,7.194552614266639466e+03,5.097492035928223864e+00
3.454545454545454675e+01,8.631392108404961050e+01,3.267147794265496064e+00,3.161586045051395999e+01,2.976282905744086493e-01,5.927548582613019201e-01,1.569588747943436502e+00,3.342774714357602317e+00,5.902912448263362749e+05,9.868097016337839887e+05,2.859882499258018925e+03,6.105959723784228466e+00,3.267156071672351558e+00,3.102138351302346919e+01,2.976319086219145760e-01,5.926859735377458804e-01,1.569604896184629839e+00,3.342633551108729506e+00,5.918730704339538934e+05,9.048610380656090565e+05,2.999388801587073431e+03,6.106834011917276150e+00
3.545454545454545325e+01,8.732019814377565581e+01,3.205592852900785772e+00,3.705001003155798145e+01,2.822150266016252851e-01,5.503562801435617491e-01,1.916563860900068139e+00,3.291437888954403590e+00,4.610652296881904476e+05,7.353741079798323335e+05,8.731852200592615191e+03,6.045589871658921588e+00,3.207244395330417497e+00,3.710536584414956707e+01,2.822076613700401637e-01,5.503028582083830944e-01,1.917109997246530417e+00,3.308672623034530247e+00,5.089197479842113680e+05,7.700042339933576295e+05,8.228092331051720976e+03,6.058240439181965087e+00
3.636363636363635976e+01,8.563317307378862608e+01,3.094595737320401607e+00,2.731259507773701500e+01,2.252703547213018020e-01,6.447334981265928633e-01,1.652589756358904260e+00,2.843219714987614832e+00,9.494782924187431345e+05,6.653620876995129511e+05,9.606248897295898132e+03,5.927101549415714210e+00,3.095247969978352831e+00,2.872997611928580142e+01,2.252858444259006054e-01,6.441594876199668862e-01,1.654641539859580623e+00,2.836436277174028131e+00,9.849281765377578558e+05,6.766901894883487839e+05,9.368442384080201009e+03,5.868587108467754554e+00
3.727272727272727337e+01,8.893736469124729638e+01,2.680704453518138131e+00,4.283924177592599136e+01,2.674248698259341084e-01,4.870797159299191104e-01,1.735494578027077184e+00,3.150066575359216525e+00,7.073994260564591968e+05,8.203830205188379623e+05,2.860320269595561967e+03,5.437270072962880896e+00,2.671649804674897322e+00,3.891075211163502701e+01,2.666734618085932484e-01,4.890709618711833184e-01,1.750409408786951060e+00,3.134880596490707383e+00,7.641831474018684821e+05,8.114330749850606080e+05,2.687901054786970690e+03,5.451558532307721805e+00
3.818181818181817988e+01,8.860271600626643362e+01,3.345469650667364014e+00,2.098944703918655819e+01,1.774554084193160353e-01,3.817623255968830009e-01,1.998862227288607851e+00,3.013919611742555293e+00,4.107871678451316548e+05,8.816374276613187976e+05,6.237348332947805829e+03,5.661755297734584857e+00,3.345503197396865858e+00,2.083903252660843464e+01,1.774567170590984344e-01,3.817623212507254005e-01,1.998967430091107556e+00,3.013899899718238462e+00,3.901440105293493252e+05,8.506665046217812924e+05,6.318698636035805976e+03,5.765093750205648959e+00
3.909090909090909349e+01,7.940191864286400403e+01,2.623725730683186264e+00,2.369330055140197544e+01,1.236326775662843075e-01,6.205695394404846521e-01,2.078872199873887272e+00,3.394440347441584738e+00,5.582860179321237374e+05,9.500682729070994537e+05,6.975014203691726834e+03,5.960747188245023587e+00,2.623478324314890919e+00,2.364210672503464394e+01,1.236178786916420497e-01,6.205842007497535118e-01,2.078671490315114223e+00,3.392257901163573841e+00,5.660638616271212231e+05,8.817630719201863976e+05,8.259602757383900098e+03,5.960696100783544615e+00
4.000000000000000000e+01,7.528144364316234771e+01,2.463500617883143562e+00,2.835246565072275260e+01,1.231492496509197926e-01,5.766492080715082125e-01,1.647611274674418480e+00,2.499132456425264603e+00,5.446841209709269460e+05,7.811627852780154208e+05,5.732979992509073782e+03,5.163430735818151263e+00,2.463314096110192697e+00,3.305431189538747105e+01,1.231508105502000100e-01,5.767552352968184914e-01,1.647654404092806057e+00,2.498699924640656711e+00,5.691794538180695381e+05,8.104560329911059234e+05,5.786627064047203021e+03,5.163588425786620917e+00
4.090909090909090651e+01,8.393956679030321766e+01,3.348796248735169456e+00,2.698920948482077975e+01,2.527112311945124423e-01,5.728739211269960885e-01,1.897704432160963961e+00,3.110991023883003859e+00,6.564595464308500523e+05,9.685603717994346516e+05,8.703248418201263121e+03,5.976643917822280550e+00,3.348745223722749742e+00,3.252471304491322002e+01,2.526997149292406486e-01,5.728896999238097809e-01,1.897753575913772917e+00,3.111176845053309492e+00,6.452005068722872529e+05,9.668349836683908943e+05,8.857464488400208211e+03,5.977079040487101480e+00
4.181818181818181301e+01,8.361925774495028918e+01,2.833350242675639397e+00,3.097153152282253430e+01,2.830784193224951673e-01,4.086359294556489163e-01,1.397955243268570902e+00,2.576907827593725386e+00,6.639449572400548495e+05,3.134693083012659918e+05,7.685540852884507331e+03,5.646211756118487912e+00,2.822097537681436119e+00,3.087725440681751365e+01,2.825882475553031514e-01,4.087487036566196386e-01,1.407681028521578170e+00,2.580033925023062391e+00,7.899702343014390208e+05,2.786635537231321796e+05,8.113526818594345968e+03,5.659256588886449002e+00
4.272727272727272663e+01,7.591686813537438638e+01,3.048453224253364180e+00,2.540798710760642010e+01,2.101823582419855008e-01,5.032779418284085704e-01,2.043199877784485974e+00,3.347568000414222311e+00,6.367163988195441198e+05,4.841417291551855160e+05,6.059876871926210697e+03,5.482928558359677851e+00,3.042270494556241101e+00,2.551984709632926496e+01,2.101511752556341761e-01,5.032730586520006710e-01,2.043255280228243098e+00,3.347061446771769422e+00,6.871501193660271820e+05,4.882547061639675521e+05,6.055906114811335101e+03,5.482907406086622082e+00
4.363636363636363313e+01,9.661782996035367432e+01,3.355780168036197608e+00,1.704286326206227287e+01,1.107695862149009197e-01,5.134107687407203358e-01,2.487168392880578782e+00,3.613654028490231873e+00,3.209188416644888348e+05,3.360942919530792278e+05,5.869988786267608702e+03,5.344486437277153001e+00,3.389506063398253222e+00,1.563985257256948991e+01,1.103020571504747388e-01,5.133138795135633314e-01,2.496241263539625610e+00,3.628407749188924392e+00,3.232137476891745464e+05,3.124832173164148116e+05,6.243491508343272471e+03,5.253519582769802909e+00
4.454545454545454675e+01,7.632161262709888661e+01,2.259423615629813753e+00,2.915320316097537656e+01,7.955979151014716533e-02,7.594644659794990149e-01,2.310705905202323773e+00,3.188756159333963502e+00,4.442343638754031272e+05,7.284897659162149066e+05,7.338997340268470907e+03,5.358534105035683837e+00,2.260175503353901494e+00,2.941527106581169448e+01,7.955322804098625966e-02,7.595204927373367942e-01,2.321394768714653889e+00,3.184636649012980936e+00,4.299590976755263982e+05,6.728466629500376293e+05,7.324841314612355745e+03,5.355772124333674000e+00
4.545454545454545325e+01,7.749747634244428696e+01,2.663054245648414309e+00,3.120969716378220937e+01,1.318958307968985944e-01,6.982711637516284542e-01,2.205541839751373523e+00,3.467664893181199748e+00,4.668572347350138589e+05,5.438989002814179985e+05,6.108000161835166182e+03,5.128326909597732630e+00,2.663844618425392774e+00,3.129429772317543623e+01,1.317897948133473496e-01,6.985131438307792262e-01,2.205248198989943731e+00,3.466895115369954983e+00,6.071998214452367974e+05,5.448524651819698047e+05,5.918235968289371158e+03,5.127484051204455717e+00
4.636363636363635976e+01,7.893610451194967936e+01,2.441583749106418288e+00,3.255256975021328714e+01,1.404743671935698990e-01,6.672456272639240016e-01,2.173630576083573906e+00,3.923707176205554870e+00,4.237294455901914043e+05,4.920346620929717901e+05,2.782781760264250352e+03,5.209717394913902844e+00,2.441550368686800976e+00,3.268148207926430615e+01,1.404737515993660646e-01,6.672343313425779243e-01,2.173698333112147996e+00,3.923713215878722682e+00,4.352815421147408779e+05,4.096410347504126839e+05,2.651566363769148211e+03,5.211262590258003868e+00
4.727272727272727337e+01,7.974433946317179789e+01,2.920968786690138153e+00,1.525461145643863681e+01,6.767856473557747055e-02,4.127723672034752656e-01,2.042311509099359768e+00,2.759309561401741551e+00,3.488653450404703617e+05,5.491214713051475119e+05,3.266456223311173744e+03,5.039569286157636441e+00,2.915339592863980922e+00,1.518289257166611605e+01,6.766925204970018759e-02,4.127423729559785981e-01,2.042833482573910953e+00,2.758035300687776470e+00,3.754904567541336291e+05,5.318218909602502827e+05,2.976259601335732441e+03,5.036907677647338488e+00
4.818181818181817988e+01,8.202978135901074097e+01,2.886728489310733892e+00,2.930164037412548339e+01,1.446486376612752811e-01,7.576510663819238101e-01,2.081912470788289671e+00,3.002097604308626710e+00,5.597158721449250588e+05,4.147686588688722113e+05,8.516733548629001234e+03,5.114622967502174156e+00,2.886720138755443088e+00,2.923617642298322750e+01,1.446366551279089363e-01,7.576261848027688872e-01,2.081865008061725142e+00,3.002100805907780945e+00,5.976343470049649477e+05,3.669613325537088676e+05,8.145866242421858260e+03,5.114524571773814365e+00
4.909090909090908639e+01,7.758787230848950855e+01,2.343090685268218731e+00,2.483256947768228784e+01,7.397395458062137885e-02,6.798465063904266525e-01,2.463301949255809919e+00,3.666254899807567025e+00,3.278709091474224697e+05,7.706178737705916865e+05,2.801660719037388390e+03,5.164956989622796257e+00,2.343029084650494198e+00,2.483822862357391870e+01,7.397169327285753326e-02,6.797062860688803942e-01,2.463673226919662618e+00,3.665903393817591560e+00,2.913717256564377458e+05,7.511603084679795429e+05,2.813234254010367749e+03,5.166172345553063927e+00
5.000000000000000000e+01,1.005409617761741856e+02,3.331646309161539143e+00,2.002361300214515794e+01,2.361654308599693830e-01,3.387714256924095335e-01,1.637182223559985106e+00,3.386546024048623149e+00,3.865622146746698418e+05,3.964377918018855853e+05,5.073292105675003768e+03,6.363407540216127423e+00,3.335873386602265178e+00,1.686905422138037025e+01,2.361700422730403648e-01,3.387404937805437721e-01,1.637027122288256420e+00,3.282642925127593703e+00,4.355418899422049872e+05,3.291701630131920101e+05,6.100032637368082760e+03,6.363747477200612401e+00
5.090909090909090651e+01,8.558511797799552312e+01,2.884859357592252316e+00,2.804403609951907228e+01,1.851580515096629409e-01,5.139351091305752739e-01,2.024769224074205010e+00,3.330425242200511171e+00,4.494636078190628905e+05,5.189408804649575031e+05,4.347257696946798205e+03,5.199233185584518857e+00,2.884700163853317179e+00,2.975563639229612178e+01,1.845153378703774105e-01,5.139836750979166480e-01,2.024557528490188663e+00,3.322260992575014615e+00,4.600611968712816015e+05,4.543163931769530172e+05,4.075784026234295197e+03,5.197960762624201259e+00
5.181818181818182012e+01,8.409449765165396684e+01,2.699109263388762781e+00,3.176961982061026646e+01,1.589870533008871378e-01,7.854813746826040388e-01,2.013426707866678100e+00,3.123095370004554727e+00,4.757760530879439902e+05,7.485357365043958416e+05,5.729646269346249028e+03,5.703585233262451482e+00,2.699109429187373177e+00,3.275821037515459722e+01,1.589894690352238460e-01,7.854595643274910888e-01,2.013457285650223305e+00,3.123078585819937025e+00,4.813401339684209670e+05,8.018390461736663710e+05,5.170704661981385470e+03,5.703624778793457750e+00
5.272727272727272663e+01,7.706440198895298010e+01,2.942618249134914876e+00,1.906551215680213218e+01,1.854913025661355727e-02,9.793480866240480420e-01,2.162315129285524051e+00,3.508637238675921921e+00,5.617467832953846082e+05,8.710636752979011508e+05,7.090841745972516037e+03,5.585220518338064544e+00,2.942617715184978611e+00,1.906502001056044548e+01,1.854888133194227892e-02,9.793326606173532456e-01,2.162314493998317655e+00,3.508605308251149690e+00,5.897163355845103506e+05,8.372157677134672413e+05,6.764219065424561450e+03,5.585245835368534806e+00
5.363636363636363313e+01,8.064448669110277024e+01,2.739866500236240565e+00,2.406489644403805173e+01,1.276645387447111479e-01,5.463796841996376719e-01,2.166330847579659657e+00,3.399773168888009067e+00,5.580070825700587593e+05,8.354327428650080692e+05,7.765320202167104071e+03,5.598398402801896268e+00,2.739999691807129434e+00,2.414190356934642168e+01,1.276891007661528632e-01,5.462779472495751243e-01,2.168750791011334389e+00,3.399773068863837899e+00,5.487843917925092392e+05,8.230375065442151390e+05,7.182670589129313157e+03,5.599875324814188815e+00
5.454545454545454675e+01,7.512689038626047022e+01,2.475340350401042500e+00,2.550152954962629792e+01,1.002300196991247339e-01,7.957059632119302117e-01,2.142210615169534371e+00,3.576843651828552240e+00,6.685225408521308564e+05,4.781667607556328294e+05,7.859658727796406311e+03,5.559151309101601157e+00,2.451575415422598603e+00,2.553789697322963903e+01,9.937813460959857292e-02,7.954443195904482566e-01,2.138835894105596047e+00,3.577587988272211028e+00,6.074834960328115849e+05,4.808334540280147921e+05,7.971659194191604911e+03,5.609210212030420806e+00
5.545454545454545325e+01,7.966048667928035343e+01,3.315487427631367279e+00,2.159834962395655111e+01,1.641251365941710783e-01,5.993262546097872789e-01,2.165868011462408482e+00,3.450805516275140761e+00,2.666924434834770509e+05,6.354375657352362759e+05,4.839000807768231425e+03,5.853093070432533906e+00,3.315488316281256953e+00,2.165402500372420747e+01,1.641239237650051197e-01,5.993112318097644220e-01,2.165920327332081730e+00,3.450792483558149382e+00,2.691204585818779306e+05,6.505197517545109149e+05,5.197785956579164122e+03,5.853123343066815032e+00
5.636363636363635976e+01,8.386976270148758772e+01,2.784624799554115349e+00,2.620303786783568611e+01,7.695846786631301006e-02,9.990113578756412149e-01,2.335995467102135681e+00,3.598176211764677834e+00,6.909006445696642622e+05,5.554530028212371981e+05,4.015983277275334785e+03,4.683418601290298078e+00,2.785435669027971350e+00,3.052995872956610768e+01,7.695744382261623939e-02,9.991736949478272622e-01,2.335971219560266210e+00,3.599201206109565732e+00,6.300428390831210418e+05,5.711059403509640833e+05,3.314305924935133589e+03,4.683791762817972604e+00
5.727272727272727337e+01,7.516962948753210583e+01,2.529695022847553876e+00,3.029600514188097549e+01,1.137282988433307163e-01,6.766099376846301805e-01,1.967686480357005108e+00,3.208621841361634530e+00,6.370579952411914710e+05,8.826664156054736814e+05,8.799308190928888507e+03,5.536142123696825124e+00,2.529697415643002323e+00,3.019982480446586592e+01,1.137283075413533101e-01,6.766063351911663082e-01,1.967686464060681040e+00,3.208628629698158097e+00,6.045408100186750526e+05,9.371762772333808243e+05,8.764390122943008464e+03,5.536143360738160268e+00
5.818181818181817988e+01,7.499222114785136739e+01,2.869279572782051702e+00,2.219958976305036202e+01,1.089237032760018847e-01,6.471477855240814758e-01,2.113753944990298450e+00,3.374042994434921283e+00,6.292687023528806167e+05,8.650261215399387293e+05,4.960525656133862867e+03,5.395367214345428764e+00,2.869353459184194044e+00,2.222260215192306276e+01,1.089235210306518375e-01,6.471477799921249163e-01,2.113754382831108725e+00,3.374041226524637782e+00,5.948708161293047015e+05,8.233941832023770548e+05,5.004199763371731933e+03,5.395353179774151187e+00
5.909090909090908639e+01,7.378829785695729981e+01,2.433297789043665116e+00,2.456747715393796838e+01,9.015653354514316375e-02,6.609506968684777384e-01,2.202229234289930115e+00,3.857938550511848863e+00,7.570889710067817941e+05,5.811082010910807876e+05,9.466594638925804247e+03,5.607865413181630565e+00,2.433413045650522299e+00,2.456789831722560891e+01,9.014350190933767548e-02,6.610540472911290433e-01,2.202284862802213805e+00,3.857494237645497925e+00,7.565266505422833143e+05,6.378274524590002839e+05,8.151089843130439476e+03,5.608634185922430682e+00
6.000000000000000000e+01,1.045695963262024577e+02,2.638138541139830373e+00,3.306416797066896152e+01,1.602664142373127210e-01,4.036238245893584153e-01,2.426417792025677311e+00,3.549202097509053910e+00,4.287573125557016465e+05,7.750989517268599011e+05,2.081833888766671407e+03,4.652600035832337610e+00,2.661231476500892423e+00,2.518754457560718407e+01,1.602336859406970071e-01,4.029726398031981960e-01,2.427418489701932636e+00,3.534302603690231415e+00,4.022988715514029027e+05,7.559315343754361384e+05,2.226765849444269406e+03,4.654366248993353494e+00
6.090909090909090651e+01,8.809189827087379854e+01,3.017583284806908850e+00,1.775678544061810271e+01,1.374282764586674532e-01,4.045946263839432788e-01,1.936428543452789919e+00,2.597996811738768841e+00,2.898028253494199598e+05,6.167433572016932303e+05,4.701279405500580651e+03,5.145641260503394321e+00,3.007629879946891460e+00,1.793189984083073085e+01,1.374233784720367835e-01,4.048817361820596927e-01,1.943868266838979508e+00,2.600399353936982294e+00,2.987634713960830122e+05,5.691663089151016902e+05,4.599057235721405959e+03,5.153381253689182095e+00
6.181818181818181301e+01,9.933720767097894111e+01,2.911099202815701670e+00,2.674946880991470266e+01,2.150551492990475100e-01,5.013199739025951951e-01,2.345876679108327867e+00,3.019649729639831026e+00,4.457221198987929965e+05,6.658205909035415389e+05,5.483004724925810478e+03,5.452138682470335951e+00,2.900457682870726028e+00,2.691851530748666121e+01,2.150197990077080679e-01,5.010743403092940973e-01,2.337427314211081075e+00,2.989972125057199559e+00,4.539679528120337636e+05,6.507522467191120377e+05,5.091915731568904448e+03,5.452294310550036549e+00
6.272727272727272663e+01,7.926238410698564962e+01,2.660328142067974522e+00,2.727900996138904688e+01,1.656261873816522734e-01,5.932347505394612863e-01,1.913943044852282949e+00,3.223586940987932969e+00,3.543993810120390845e+05,4.344499197447508341e+05,2.040550736973032826e+03,5.166205474301325040e+00,2.660328848989212958e+00,2.745410962376842079e+01,1.656262002274452305e-01,5.932313721154731656e-01,1.913954985890982563e+00,3.223563936314375322e+00,3.710130926770247170e+05,3.886709309251652448e+05,2.188948806152707220e+03,5.166263929134855992e+00
6.363636363636363313e+01,1.165889388978781938e+02,3.919617786526137682e+00,3.484311823002540365e+01,2.726482984593447401e-01,6.658748816843930163e-01,2.754671463812546683e+00,3.959106033287414839e+00,2.266748938292770181e+05,7.937685505543799372e+05,3.474288003222538919e+03,5.012412640113882212e+00,3.918753841999959686e+00,3.467026771031300569e+01,2.726260276825037687e-01,6.654530035259851317e-01,2.753952359364082447e+00,3.959843444523670986e+00,3.083490690328701166e+05,9.112298552339666057e+05,3.664584402687446072e+03,5.013813674197599823e+00
6.454545454545454675e+01,8.485820069929927456e+01,2.722964449473107340e+00,3.709998233470626161e+01,2.238160897789222836e-01,4.325204430428326030e-01,1.906365215550023695e+00,2.932850443172978494e+00,6.938624002791307867e+05,4.386132255598331103e+05,6.447282623916933517e+03,5.099797707589164730e+00,2.722962750799761356e+00,3.680669708749471170e+01,2.238180512613841544e-01,4.325126297193178648e-01,1.906645636179141956e+00,2.932835734867560884e+00,6.336515262886596611e+05,3.910986848063274520e+05,6.092439035253728434e+03,5.099766602826242057e+00
6.545454545454545325e+01,8.219349650881318325e+01,2.326134453965975624e+00,3.087702010780591522e+01,1.093180196978666002e-01,7.753780941418484396e-01,2.291569604019740414e+00,3.196221456055293508e+00,5.320127763289868599e+05,5.774042020608540624e+05,9.276542821455797821e+03,5.576922857349510210e+00,2.326549048771172856e+00,3.087764949979315787e+01,1.092865711746106860e-01,7.753152270463143925e-01,2.306087214609569891e+00,3.196279371257151780e+00,5.071195074526231037e+05,5.426705439328482607e+05,9.379916074400112848e+03,5.576852381903317557e+00
6.636363636363635976e+01,8.797448751212479578e+01,3.378066148996275331e+00,2.167714170348137870e+01,2.162205702467540624e-01,5.819517896607968588e-01,1.976468393434328785e+00,2.859207482885822049e+00,4.922681305463905446e+05,8.488939609264587052e+05,3.868653353113310004e+03,5.603945605772368665e+00,3.377609237882653215e+00,2.235303654680902952e+01,2.162278203166583257e-01,5.810839318230751616e-01,1.976546499950935232e+00,2.857833834534473372e+00,4.954511350885821739e+05,7.768450517341020750e+05,3.939674254846584063e+03,5.603039236462383776e+00
6.727272727272728048e+01,9.014519910268981562e+01,3.539296916646143654e+00,3.427586815885144489e+01,3.581090189584584804e-01,4.070382078164697104e-01,1.717701900298215234e+00,3.337384143555231830e+00,4.106482988679567352e+05,4.197758376153775607e+05,6.855277539639898350e+03,5.918870189258266024e+00,3.539282069922413232e+00,3.421817025420842384e+01,3.581182633772007073e-01,4.070401040358298528e-01,1.717786291162680667e+00,3.337392097269457736e+00,4.942497460740777897e+05,4.006850107163444045e+05,7.141438700907647217e+03,5.919042928686609528e+00
6.818181818181818699e+01,8.102659224909982072e+01,2.755555925968314224e+00,2.354669953687354322e+01,1.749446580093867998e-01,4.537513077175230891e-01,2.355319729153373398e+00,3.900093503744539447e+00,8.527221092288219370e+05,9.405297393442144385e+05,7.823647182842600159e+03,5.883808709321829866e+00,2.755762552227465800e+00,2.370153201956244260e+01,1.749386146349542759e-01,4.537200365838227056e-01,2.355348936264064275e+00,3.900072501427777727e+00,8.567462437260734150e+05,9.197485529430351453e+05,8.190180977791751502e+03,5.883758265137666754e+00
6.909090909090909349e+01,9.287976030838656527e+01,3.578988894301476709e+00,1.653002431253775839e+01,1.302327000238679422e-01,6.602991792335620724e-01,2.722697787792025537e+00,4.011851638661744879e+00,6.645143242580135120e+05,7.116771179085492622e+05,5.651159947519521666e+03,5.461623186937716312e+00,3.583140645964148607e+00,1.652321508309946907e+01,1.302694240528669001e-01,6.585895665479665206e-01,2.727973779578339641e+00,4.019814615350073339e+00,6.504056845145658590e+05,6.866744248637204291e+05,5.867759902086394504e+03,5.464066744827868582e+00
7.000000000000000000e+01,7.428486840808254499e+01,3.280005056067909486e+00,1.280355523441980203e+01,1.043235729517132809e-02,5.242336180636876231e-01,2.113957548369548967e+00,3.228357162738392905e+00,4.125305038641737774e+05,4.946916152854213142e+05,9.217801450899980409e+03,5.867850446806820663e+00,3.280003726753450088e+00,1.287913700686245910e+01,1.043235362706292080e-02,5.242335002537127364e-01,2.113953869940497832e+00,3.228357891034293381e+00,4.293739284497974440e+05,5.410134364772356348e+05,9.291592288900572385e+03,5.867843242560122796e+00
7.090909090909090651e+01,8.187063002738875639e+01,3.198788118017183546e+00,2.029247918646122173e+01,8.935184440745842782e-02,7.670965617691257732e-01,2.159583709782748606e+00,3.118279615661467385e+00,4.515686594646082958e+05,9.615155972819435410e+05,7.760450731257998086e+03,5.618646494501891908e+00,3.198781606400212585e+00,2.023736418402677018e+01,8.935218683575343879e-02,7.671330905137599965e-01,2.159585645047184865e+00,3.118242908305253636e+00,4.139921673783852602e+05,9.096972769021732965e+05,7.918437035852313784e+03,5.619109770129920634e+00
7.181818181818181301e+01,9.859117265992153989e+01,2.690373677403038233e+00,1.906893173457519808e+01,1.808411993166602061e-01,2.956079325072048514e-01,2.711132854336752107e+00,3.775617441111972727e+00,2.496328820284901012e+05,7.404020856164644938e+05,3.501110768000713506e+03,5.897350777758290086e+00,2.689857904226058416e+00,2.012188835390055885e+01,1.808345177171598595e-01,2.955333387389992850e-01,2.709867855359285649e+00,3.763977165579381889e+00,2.230991201029657095e+05,7.345199599393889075e+05,3.315505800306319088e+03,5.898406876576523850e+00
7.272727272727271952e+01,8.608224167972291241e+01,3.036114419715759460e+00,1.870937627777086121e+01,1.180570756172085456e-01,6.397083844829734023e-01,2.541175584096147411e+00,3.925681277310514972e+00,9.578333583320362959e+05,5.941946817962075584e+05,6.922908686310908706e+03,5.413414564589030142e+00,3.040361880242479220e+00,1.944221356421466140e+01,1.180656799060711554e-01,6.405286795211838635e-01,2.541751725241809368e+00,3.917928261700136972e+00,9.581753527694459772e+05,6.344816362185212784e+05,7.217497569375416788e+03,5.414148724422724435e+00
7.363636363636362603e+01,7.525047281828602763e+01,2.542684967111950467e+00,2.828493610734173203e+01,1.231904982821009353e-01,7.674158397583891178e-01,2.118926062132820753e+00,3.277923396034056580e+00,8.242569264873125358e+05,7.520746324170655571e+05,7.991569225563016516e+03,5.607356988332622194e+00,2.542684143182055045e+00,2.849004489667955298e+01,1.231904875704600139e-01,7.673928208311974197e-01,2.118926661919335430e+00,3.277908246533324021e+00,7.925794018258381402e+05,7.823128922450115206e+05,7.992477999637916582e+03,5.607356190236603588e+00
7.454545454545454675e+01,8.724519162781693637e+01,3.733342799730137163e+00,1.552548486148082851e+01,1.059960586958354350e-01,5.735167139214555343e-01,2.456755575194381702e+00,3.770868017165651676e+00,4.793245451081804349e+05,5.519679979500160553e+05,4.820972468015049344e+03,5.411379388253032552e+00,3.755827887903863793e+00,1.549979790185736839e+01,1.061892874470814485e-01,5.732196254876568142e-01,2.477076018011372227e+00,3.749752796807685140e+00,3.970686766142094857e+05,5.619973264656730462e+05,5.041817839039625142e+03,5.421327861823874272e+00
7.545454545454545325e+01,8.024347763654874655e+01,2.839131030206086148e+00,1.885943811791277369e+01,4.907847172277623321e-02,7.192942109189677247e-01,2.287549753804534625e+00,3.423289059943344093e+00,2.430760140602229221e+05,8.370990291279557860e+05,8.218464918839494203e+03,5.911008390367982201e+00,2.839117989972392841e+00,1.886047235620376483e+01,4.907846202494870608e-02,7.192934513413835607e-01,2.287546076245699833e+00,3.423269766606675812e+00,2.494300929744309979e+05,8.739790944808997447e+05,7.628762308957103414e+03,5.911055201899744205e+00
7.636363636363635976e+01,9.757226485028274965e+01,3.129887031243186346e+00,3.085467710116589757e+01,2.222273072879828171e-01,4.968198313901054930e-01,2.425531587853793081e+00,3.860470176421261002e+00,6.269446836460387567e+05,8.971056029583802447e+05,1.285969408533766909e+03,4.679129289788918733e+00,3.130001904795729484e+00,3.025037012550665949e+01,2.221842601613965296e-01,4.968239222046190728e-01,2.426119732513642546e+00,3.857203182356919058e+00,5.484505231299003353e+05,8.800559464652332244e+05,1.446942412052839927e+03,4.679329132665501767e+00
7.727272727272726627e+01,9.125214412978809264e+01,2.620932931188316051e+00,2.196381427477927772e+01,1.151819345189167426e-01,3.341600528204972109e-01,2.467688937694736850e+00,3.505168848424163652e+00,5.781017898219204508e+05,8.090819397068744292e+05,3.330505308091596362e+03,4.713285073303280726e+00,2.620951024953134478e+00,2.209734807956891700e+01,1.151819241314104847e-01,3.341577713238757519e-01,2.467724740297146280e+00,3.505193084140664439e+00,5.523716722439344740e+05,8.337576577101524454e+05,3.251555724719962200e+03,4.713337750063089082e+00
7.818181818181817277e+01,9.090941850783055145e+01,3.219752632612807197e+00,2.285014228035286976e+01,1.894245546949463455e-01,3.934430513045679145e-01,2.490263160407907517e+00,3.505808466545184299e+00,3.533827591875142534e+05,5.362680113036412513e+05,5.751274707158892852e+03,5.388324237878189038e+00,3.219723075631092613e+00,2.290758381644070596e+01,1.894243631470201583e-01,3.934397460114903433e-01,2.490396545764672620e+00,3.505705172964255212e+00,3.015619469480570988e+05,5.212616184995647054e+05,5.703173347013419516e+03,5.388647719505878619e+00
7.909090909090909349e+01,8.133067234797582046e+01,2.810700179322396686e+00,2.542081139683263658e+01,1.342909732881034102e-01,6.623867327410865036e-01,1.997246095654048759e+00,2.735971276663267560e+00,3.249788235861844150e+05,8.417152036528097233e+05,6.366924309540990180e+03,5.633895605298319786e+00,2.812504416862522394e+00,2.536325944946894850e+01,1.342479044521106279e-01,6.594624618362577850e-01,2.014068051201680198e+00,2.720762585014693258e+00,3.347743581505998736e+05,8.274116761288853595e+05,6.235313742172514139e+03,5.625347542830359870e+00
8.000000000000000000e+01,8.853169465573282082e+01,3.381603616697882231e+00,2.195541184460831019e+01,1.967767309954785437e-01,3.995021518525953552e-01,2.553156373197811302e+00,3.959818139382171864e+00,7.774061286920685088e+05,3.078463493023423944e+05,3.443721833458744641e+03,4.541133448730716893e+00,3.381642542031329413e+00,2.192837489247679983e+01,1.967725916104382244e-01,3.995000359220776676e-01,2.553200101524935928e+00,3.959784071756043300e+00,7.360434013985365164e+05,3.090933360379673541e+05,3.287595570978403885e+03,4.541234730401768616e+00
8.090909090909090651e+01,8.866658819268666036e+01,2.997988638349524670e+00,3.384659483833992510e+01,1.834487000458932260e-01,6.957047393548985159e-01,2.157115222248830122e+00,3.544908656435017846e+00,6.012288014067220502e+05,9.162120879525811179e+05,5.223713218887684889e+03,5.344136006179298626e+00,2.998039204473704089e+00,3.511998540058598195e+01,1.834366314518209307e-01,6.956452253388710760e-01,2.159449254411291985e+00,3.545152539732884911e+00,6.140115314529188909e+05,8.515721461085053161e+05,5.518661613281509744e+03,5.344100989504557475e+00
8.181818181818181301e+01,7.867066536292495016e+01,2.790635556271526152e+00,2.788951650344982269e+01,8.018162467024894657e-02,9.979756132340527053e-01,2.216455643555855559e+00,3.757664536914380182e+00,3.737955781004978344e+05,5.624482344655503985e+05,5.934823852390560205e+03,5.440498375442577306e+00,2.790899093685167642e+00,2.794861472955734527e+01,8.018037624188126267e-02,9.978399154598129872e-01,2.216648117810019691e+00,3.757644733934908388e+00,3.956474588522708509e+05,4.643736387573499815e+05,5.727357963673587619e+03,5.439907437552317759e+00
8.272727272727271952e+01,8.440385258740251118e+01,3.160761765266105972e+00,2.164446232482767840e+01,1.800763458739313982e-01,4.935675061721605528e-01,1.867913423579626420e+00,3.166890148025114815e+00,5.595026536528564757e+05,8.839144699780455558e+05,3.970081422598396784e+03,5.641704868328761613e+00,3.160771706000467418e+00,2.209947491544235021e+01,1.800774950880559833e-01,4.935606052000420241e-01,1.867928396852883255e+00,3.166984014626247124e+00,5.990453581663044170e+05,8.699830765648978995e+05,4.143898255452449121e+03,5.641639387065469080e+00
8.363636363636364024e+01,8.057653561254126373e+01,2.731653820622050421e+00,2.047729033804467491e+01,6.395030675525767427e-02,7.423501683987568933e-01,2.221312021356084632e+00,3.273830352341235983e+00,7.192490383305354044e+05,8.492646490804337664e+05,6.717854244152643332e+03,5.212070914042475245e+00,2.728536361340851091e+00,2.047874439817950432e+01,6.395429389529908026e-02,7.416653316694105103e-01,2.222577750558515142e+00,3.274229221926209021e+00,6.530076394843873568e+05,8.643296005272913026e+05,6.457339624650227961e+03,5.212614741944504360e+00
8.454545454545454675e+01,7.814347658978253719e+01,2.811423485034211467e+00,2.358936246843339646e+01,5.125594454372263409e-02,9.769933792030691677e-01,2.646928844000596470e+00,4.351925482361277631e+00,6.718878166191312484e+05,6.343066953801150667e+05,5.637744248344826701e+03,5.083263242038198015e+00,2.811537464395700958e+00,2.359257392433534051e+01,5.125605606795178432e-02,9.770032665677689243e-01,2.647002544689052606e+00,4.351897430991855664e+00,6.846147821061570430e+05,5.409844124833031092e+05,5.692393508921058128e+03,5.083569495277120431e+00
8.545454545454545325e+01,8.938776794806690873e+01,4.002630115079146123e+00,2.217686148527099022e+01,2.809943387069718246e-01,4.489716770687079972e-01,1.597300726992141984e+00,2.794664592919611668e+00,8.739914872269822808e+04,4.640283347514033667e+05,1.771408711951459509e+03,6.203120962566222474e+00,3.999070028092214013e+00,2.219849290741379022e+01,2.805287973493343356e-01,4.487800580244938886e-01,1.599990201718659799e+00,2.795017765770196672e+00,7.882997303936706157e+04,7.173498901518082712e+05,1.795805256457031192e+03,6.203150829821568735e+00
8.636363636363635976e+01,8.254205249684335399e+01,2.653061134552412881e+00,2.305247908550221325e+01,7.940593209188248625e-02,7.763831579530666716e-01,2.233364297727183700e+00,3.411698012214524400e+00,5.629469221197784645e+05,7.701724773205112433e+05,6.537521364188954067e+03,5.427567061554306349e+00,2.653120605725011405e+00,2.400833277529033793e+01,7.940807663127351368e-02,7.763847927798644966e-01,2.233365845429558849e+00,3.411646894900750571e+00,5.709489988261560211e+05,7.974952512809170876e+05,6.693437396903308581e+03,5.427560558658034218e+00
8.727272727272726627e+01,7.555444748908594477e+01,2.283999663422727533e+00,3.929170894043294737e+01,1.202533495935283747e-01,8.631030311017102719e-01,1.785560842343222765e+00,2.755343081713719666e+00,5.802348291960796341e+05,8.978669124165764078e+05,4.575786515099324788e+03,5.566455205702467879e+00,2.284182397476520965e+00,3.917065018673368826e+01,1.202408482386280730e-01,8.630686165369566565e-01,1.785568747520972943e+00,2.755343073988646641e+00,6.129824898383175023e+05,8.840554662779392675e+05,4.929776278047964297e+03,5.566667804595069491e+00
8.818181818181817277e+01,8.996348470738919900e+01,2.808173442002455999e+00,2.463879270858916115e+01,1.549524740169811454e-01,7.596065466721644288e-01,2.285464706681247460e+00,3.127636593310400670e+00,8.514249697810264770e+05,6.898646579157947563e+05,3.286946796249989802e+03,5.042748923734176714e+00,2.808321549255610172e+00,2.530030684862207835e+01,1.549434421436433063e-01,7.596112340830044607e-01,2.285739948723320314e+00,3.127694828398599025e+00,8.695802999157139566e+05,6.856952955223291647e+05,3.213129645133086797e+03,5.042771299972678811e+00
8.909090909090909349e+01,8.291241890195510678e+01,3.024418027587727931e+00,4.019878850743361198e+01,1.892597886445924193e-01,8.129508593505080372e-01,1.885910793969639343e+00,2.918874473858384277e+00,3.850224582573858206e+05,2.833171586426072754e+05,4.438889342718397529e+03,4.792553531249036602e+00,3.024412718886213547e+00,4.051713584476102170e+01,1.892603969305312606e-01,8.129497569111654443e-01,1.885911351239582645e+00,2.918874375056454085e+00,3.966182223859155783e+05,2.799407896300966968e+05,4.022756519754520468e+03,4.792550966551665681e+00
9.000000000000000000e+01,7.838610969195077871e+01,2.638581178806163052e+00,3.173922612361470996e+01,1.098341281746937209e-01,8.727269730755351507e-01,2.076158028320951310e+00,3.253265230029162236e+00,6.798499802564417478e+05,6.042423662201620173e+05,2.416509331414996268e+03,4.674273762901794527e+00,2.638525596980335397e+00,3.173922605828333232e+01,1.098352125828288006e-01,8.727290531869582590e-01,2.076155689989874986e+00,3.253258226521777097e+00,7.187723337426090147e+05,6.356844744720641756e+05,2.506292449154413589e+03,4.674454796560143066e+00
9.090909090909090651e+01,9.656297164503301644e+01,3.010499041907902740e+00,3.035855574285270109e+01,2.031449014711670109e-01,5.401419925901262964e-01,2.291442430098527883e+00,3.197825270873459136e+00,2.057713427815242903e+05,4.882928583125501173e+05,3.071202981903587443e+03,5.078369638216850390e+00,2.995463487995238427e+00,3.197076210502412152e+01,2.012676367246649667e-01,5.399618851669559794e-01,2.294461225341941635e+00,3.197312091718450322e+00,2.201110796058165142e+05,5.062199861803422682e+05,2.855299536443195848e+03,5.083504055799966892e+00
9.181818181818181301e+01,7.877797346980125326e+01,3.031384296271839585e+00,1.810468776313469164e+01,6.345577497491222685e-02,6.488530571685040549e-01,2.117414037809377092e+00,3.401068208123593450e+00,4.670919463614808628e+05,7.506339333674196387e+05,7.524430767979732991e+03,5.690308291194948964e+00,3.031385673917459389e+00,1.810530539993013477e+01,6.345577773018462597e-02,6.488529046749889062e-01,2.117414737209852404e+00,3.401067769759563486e+00,4.732162423799229437e+05,7.855704596280589467e+05,7.877094076225959725e+03,5.690315261681528014e+00
9.272727272727271952e+01,7.852454176075227110e+01,2.587624227084063033e+00,3.492401305327835104e+01,1.348064539851660804e-01,8.614417409276787785e-01,2.091257213914976099e+00,3.600233447393654362e+00,7.831928741539105540e+05,6.677952302272826200e+05,8.643988397511290032e+02,4.425932641610159202e+00,2.587719410786655239e+00,3.486663797429776679e+01,1.347264152809981852e-01,8.615178096994684509e-01,2.091480314628508363e+00,3.600082968560371022e+00,7.511841590460869484e+05,6.952917351456498727e+05,8.004457892589573476e+02,4.422420236988572562e+00
9.363636363636364024e+01,8.589670297885295724e+01,2.863833819873448761e+00,2.909652364093455290e+01,2.535324019327643286e-01,4.421356495811875065e-01,1.961845423089052964e+00,3.673670946322590503e+00,6.748159616342018126e+05,7.863923148458169308e+05,7.503828020007096711e+03,6.271937139810350281e+00,2.864206021585287143e+00,2.929158111653223528e+01,2.534904649727246495e-01,4.417861241032300379e-01,1.964291986412103563e+00,3.673567780284613615e+00,6.543378265258645406e+05,8.108355083708451129e+05,7.691104902229546497e+03,6.274785953572408204e+00
9.454545454545454675e+01,7.608806902335109612e+01,3.087392322672573908e+00,1.860223069912899518e+01,2.121507785107355076e-02,9.162103424455486644e-01,1.938203535948367362e+00,3.210591790180479688e+00,7.229838354790763697e+05,4.090366411970527843e+05,3.863019653824104353e+03,4.704957037766112293e+00,3.087399733605571850e+00,1.860279329068401211e+01,2.121490799486870985e-02,9.161942142901714492e-01,1.938200857508894703e+00,3.210593047041019332e+00,8.156024614063421031e+05,3.858635180750468280e+05,4.064341833056379073e+03,4.704990610837206155e+00
9.545454545454545325e+01,9.796357727490902789e+01,3.149440330533591403e+00,2.480735838934660009e+01,1.777526552856919240e-01,5.863454211341776467e-01,2.029105386662872323e+00,2.459648645163412528e+00,8.602674169362809043e+05,4.213366532013518154e+05,4.818825973424382937e+03,4.588396437453027943e+00,3.149737658148294095e+00,2.408026562603615517e+01,1.777534890317033767e-01,5.863485186753940592e-01,2.029102662383213129e+00,2.460387714991015606e+00,8.818106277918540873e+05,4.290032978199257050e+05,5.372594859189739509e+03,4.589511055828303654e+00
9.636363636363635976e+01,7.114375138249573638e+01,2.325754517484881490e+00,3.030345547988996913e+01,5.238249404225003153e-02,9.983244688490634511e-01,1.772580589938632656e+00,3.057124748129289582e+00,7.390060389548211824e+05,7.976052674269251293e+05,5.178045277457114025e+03,5.330287449004918798e+00,2.325754928975175773e+00,3.030345674261259603e+01,5.238249362707077944e-02,9.983237908912074854e-01,1.772782232172866790e+00,3.057124937085765382e+00,7.680534710811212426e+05,7.514138841728752013e+05,5.188941689811115793e+03,5.330287503684849604e+00
9.727272727272726627e+01,7.520757303502126945e+01,3.421281631344690766e+00,2.375218241090862392e+01,1.609026569915530669e-01,7.639467511150164203e-01,1.839663272553522244e+00,3.165300720208804819e+00,8.782833893272791756e+05,6.824292871198178036e+05,7.502920156030259932e+03,5.427815766616826743e+00,3.419845526543603853e+00,2.366984650124333456e+01,1.609034611167512174e-01,7.638321489550466969e-01,1.840574142093929888e+00,3.164217006494317808e+00,8.660919349568138132e+05,6.827538493302527349e+05,6.668301279800908560e+03,5.426877499013969874e+00
9.818181818181817277e+01,8.034521402538348411e+01,1.701513734780168985e+00,3.217724912094458034e+01,5.592430050305754324e-02,6.755791841617789784e-01,2.220675265545673849e+00,4.158504187997467128e+00,3.969809138747036923e+05,6.017864172735911561e+05,7.637951097720412690e+03,6.086625480786405085e+00,1.703201678437869626e+00,3.233115441986667804e+01,5.592446146001045504e-02,6.755472697105867619e-01,2.232363975668271383e+00,4.159173427361960940e+00,4.182962213843760546e+05,5.845223521098803030e+05,7.515021635765281644e+03,6.087032016257036382e+00
9.909090909090909349e+01,9.006251660744578658e+01,2.612301412799833411e+00,2.697168455064037573e+01,8.548680777352117566e-02,8.437909171953311693e-01,2.325370201748412580e+00,2.837389875428433239e+00,4.200542130110461731e+05,6.362486467708061682e+05,1.224032703708666759e+03,4.214841782416031357e+00,2.612755712153631560e+00,2.697080265702441793e+01,8.548844992331783299e-02,8.437787701143628638e-01,2.325363545084544015e+00,2.837379664498226539e+00,3.642870269538162975e+05,7.182636442117451224e+05,1.180362712478143521e+03,4.214897798186683531e+00
1.000000000000000000e+02,8.079754362075711072e+01,2.891925946963374905e+00,2.480925569045899692e+01,1.383013441758766393e-01,6.221984985311407312e-01,2.098465323990576614e+00,3.092777860684376545e+00,2.808402872075706837e+05,7.711007350130283739e+05,7.019632706705125202e+03,5.746235452325445081e+00,2.906435651548314958e+00,2.744654808144272096e+01,1.383013962702013266e-01,6.200146025450636866e-01,2.099109165783970443e+00,3.091226088209511058e+00,2.637337101623828639e+05,8.476789300525818253e+05,6.979098122385767056e+03,5.746785467203009645e+00
Synthetic Data/h1n1/h1n1 with 0.05 noise.csv
Synthetic Data/h5n1/h5n1 with 0.05 noise.csv
