0.000000000000000000e+00,8.645955934610728377e+01,4.436007622541440654e+00,1.009266372860448691e+01,8.256116323871394089e-03,6.317674229026819244e-02,1.219092678641355620e+00,1.913719987581196769e+00,3.676143786646382068e+05,1.647474990929901833e+05,8.156168124803424689e+03,5.482991789166971053e+00,1.302731928313046517e+00,1.239355544292368627e+01,1.560986225205996530e-02,6.273955269733387519e-02,1.844280761654213840e+00,1.654375480402366927e+00,3.412032246999652125e+05,8.610133848721156828e+05,8.112131346032942929e+03,5.003407759325757098e+00
1.010101010101010083e-01,9.015425775359079807e+01,4.279815815272091761e+00,1.355847455820214975e+01,1.414195006123393772e-01,3.210714585937088361e-01,9.006967713872270354e-01,1.997588493944151944e+00,1.449956453964545799e+05,7.813060839565029601e+05,8.996256486125153970e+03,8.313835679591280226e+00,3.173966085368446599e+00,1.795759964913479934e+01,1.064527909691136282e-01,3.202200178428712407e-01,1.668122777972880000e+00,1.747060395631489627e+00,1.112974739930582728e+05,1.896972252838366840e+05,7.018157912722272158e+03,5.194540468432343516e+00
2.020202020202020166e-01,9.280956817660805314e+01,2.333900988336886417e+00,3.310324122835290694e+01,1.621100681149158784e-01,4.181227721757151405e-01,1.377361750519531691e+00,2.317650399058230448e+00,8.301013533429731615e+05,6.398550270793999080e+05,6.641866590373452709e+03,5.153478320881347940e+00,2.587850849752419968e+00,4.136987906970635720e+01,1.605157704049412770e-01,5.774903120381827959e-01,1.827942265075308548e+00,2.333466343431352286e+00,1.768975234693724196e+05,6.679954483711476205e+05,3.518330013783656341e+03,5.295034666833791093e+00
3.030303030303030387e-01,8.866056605622135578e+01,3.243209355563043683e+00,1.762941639522332338e+01,8.226339752495953617e-02,7.071102408364609015e-01,1.347901999734120615e+00,2.655049246931951767e+00,3.386193701110977563e+05,1.769173860892852827e+05,9.646264948502686821e+03,5.974608923912867020e+00,1.753147199180332683e+00,2.738518667783769089e+01,5.836480954353572698e-02,5.018518752034770714e-01,1.360504549340756153e+00,1.415774614998705605e+00,1.036175442370935925e+05,1.557520592640360119e+05,7.700596625478498936e+03,5.318035260084481131e+00
4.040404040404040331e-01,9.022864785738678961e+01,3.514581946314870198e+00,2.588594522479426630e+01,2.656473950761903402e-01,5.871911462741897791e-01,1.458779983493513566e+00,3.235736988672726522e+00,5.718362515404394362e+05,9.086282129321920220e+05,3.926652092987279502e+03,6.144449104685262064e+00,3.514437450529384943e+00,1.594973808757433886e+01,1.068942759081566579e-01,1.994178790727070272e-01,1.444268133780950203e+00,1.459587442895926124e+00,3.064361610581605346e+05,9.838604958481651265e+05,6.683937956850845694e+03,5.232727681130779018e+00
5.050505050505050830e-01,8.648026768843662637e+01,1.953640950897723050e+00,2.824109816690590335e+01,9.600230496671437186e-02,5.816574109881015309e-01,1.099358457348106999e+00,1.738718560090554810e+00,1.448241593593438156e+05,8.736757190280923387e+05,4.048344951524508360e+03,6.260856711720463430e+00,2.072373121157900400e+00,4.078575076166787028e+01,9.696613219501752645e-02,5.867573860605799219e-01,2.644813127059749913e+00,3.333261361036175874e+00,3.562351780619645142e+05,9.341046536452271976e+05,6.459961512320228394e+03,5.314699715730572649e+00
6.060606060606060774e-01,9.016888291554198531e+01,2.061573750707118791e+00,2.775919366142551681e+01,1.220214398493910668e-01,5.531528076798929439e-01,1.539196133696722368e+00,3.342498393912379573e+00,5.451326112054277910e+05,8.410277793117358815e+05,5.362153356467287267e+03,6.452513093432560964e+00,2.575116693478511465e+00,2.540685197838118725e+01,1.220072461222952015e-01,4.224492617375134595e-01,1.398271727890270766e+00,1.426075246931462370e+00,7.517759141895141220e+05,8.185779715546886437e+05,4.893757135318091059e+03,4.591162162264748936e+00
7.070707070707070718e-01,8.900442947854517683e+01,2.059608847509989626e+00,4.006276935567770892e+01,1.440252816662006830e-01,6.149046856532001115e-01,1.409824108886694738e+00,2.441710046099052178e+00,2.296094071047539182e+05,2.475835375200432318e+05,7.272338488755298386e+03,5.892483109720690670e+00,2.770758385324016082e+00,1.801325029086705953e+01,7.585536047667292003e-02,3.869995953845029035e-01,1.407245063033965238e+00,1.441626241942056907e+00,4.608986573227276676e+05,4.138586152419531718e+05,6.684026467413518731e+03,4.625742265275529341e+00
8.080808080808080662e-01,8.275878012114776539e+01,2.389078869308990161e+00,1.672088868502332915e+01,1.176298062646624482e-01,4.298530328436594994e-01,9.706999137318702564e-01,1.499864570631784133e+00,7.216893046785301995e+05,4.280303722486608312e+05,8.942028523718481665e+03,5.753047390541919270e+00,2.392485393747974420e+00,2.722442210822121922e+01,1.035961501333102497e-01,4.340071889227754554e-01,1.706055499324495184e+00,1.514938451545067455e+00,2.293863170935936505e+05,8.793295235455532093e+05,9.947287846458519198e+03,5.272667813965019157e+00
9.090909090909090606e-01,8.416054672665724468e+01,1.585051096332869225e+00,4.087437482801205846e+01,1.442241173039552626e-01,2.740512472264502453e-01,9.945071714711573030e-01,1.588571317183716802e+00,5.611575491210746113e+05,1.812119862096231664e+05,6.371500263647280917e+03,4.940101537872879867e+00,2.362124204332281874e+00,2.182259021137236132e+01,1.145785726721336717e-01,2.739820943357810790e-01,1.355875154885747502e+00,1.423934496340675038e+00,1.805061790215917281e+05,2.231146122771958180e+05,5.127304532919002668e+03,4.892378552371658529e+00
1.010101010101010166e+00,8.212441537510184730e+01,2.642247117147189961e+00,1.643440609234092520e+01,8.992708248385992975e-02,2.337691564460955274e-01,1.638866060511470213e+00,2.847765491222947976e+00,5.115117169300937676e+05,5.642647143245228799e+05,8.188269521439308846e+03,5.475852196858134846e+00,3.386545249732136220e+00,1.556454801158727896e+01,9.027502903361941944e-02,2.344565161711844037e-01,1.642608389022015780e+00,1.973955537925147663e+00,2.300753772003444319e+05,6.723440409074490890e+05,5.788996449740473508e+03,5.421366201927285466e+00
1.111111111111111160e+00,8.154344033936324365e+01,3.459192782763319762e+00,1.531047205138271750e+01,9.430422802981083819e-02,3.342689206886865216e-01,1.065104005075953930e+00,1.960934780047343562e+00,2.527197732122137095e+05,5.566809907000958920e+05,1.472495434428172302e+03,5.431962034270973128e+00,3.810305361326032703e+00,1.496482208134710667e+01,9.355305706621601380e-02,3.314278793381871813e-01,1.627227889930030980e+00,1.436896731997986398e+00,8.668295643747448048e+04,9.640583613654545043e+05,5.607690728731400668e+03,5.486551389558241176e+00
1.212121212121212155e+00,8.487583186986191208e+01,3.915200466836662674e+00,1.580169596499331952e+01,1.281399041929187632e-01,4.075382493177506782e-01,1.448775650370636603e+00,2.661863431910200362e+00,5.476059433087771758e+05,5.296488859560381388e+05,2.877481529233034053e+03,5.147068267311681211e+00,3.904969756146073223e+00,1.581025522822177365e+01,1.294276552746783937e-01,4.059603976729512786e-01,2.069072240966347120e+00,2.710981730151796221e+00,3.957343830103024957e+05,8.219640139203330036e+05,7.762193582477248128e+03,5.751650506589293776e+00
1.313131313131313149e+00,8.819990720084659586e+01,2.021346266791172575e+00,4.449530590631242433e+01,2.079783472253317056e-01,5.588706188536548547e-01,8.579058010471853901e-01,2.033148321636179201e+00,4.260665167955447105e+05,8.995778194678238360e+05,7.520267799776985157e+03,7.439991969171816599e+00,3.850347447917421562e+00,2.020990254254075325e+01,1.405839782955295714e-01,5.644815646577427959e-01,1.654949439331638406e+00,2.025250491594292601e+00,4.744973139050720492e+05,5.334345298355098348e+05,4.864797150232788226e+03,4.841462718194987858e+00
1.414141414141414144e+00,9.476355434492079155e+01,3.740064795171580414e+00,1.592512946359608250e+01,1.295644297105965903e-01,4.482617922944950317e-01,1.531994792154429241e+00,3.598631175299160656e+00,1.884336130308750726e+05,3.609132305543220718e+05,1.061273621962204516e+03,5.803169105627318913e+00,2.188353551889715032e+00,2.419903950447245222e+01,1.306236594385074556e-01,4.512956780368164722e-01,1.516751214059555597e+00,2.615662253189541264e+00,3.152139009319175966e+05,2.197462857205602631e+05,1.379193015431043932e+03,4.949800260010919217e+00
1.515151515151515138e+00,8.962248350021543786e+01,3.076728254684410135e+00,1.399074598497517918e+01,4.885392511170604662e-02,3.734560340031978232e-01,1.021959103526665968e+00,1.508970197947868241e+00,2.079582831197534106e+05,7.810694168078305665e+05,5.024090756839384994e+03,5.969462153912853175e+00,3.286716750984987279e+00,1.077025500344142728e+01,4.884127350032092807e-02,3.740809850492952671e-01,1.367391399568943955e+00,8.984673370231385237e-01,1.583887228051837301e+05,4.662768794082686654e+05,1.867525416090242288e+03,4.488638477895982248e+00
1.616161616161616132e+00,8.323553704435261125e+01,3.911512824748923478e+00,1.503033616164726283e+01,8.423196230851939803e-02,5.204298868341947770e-01,1.737741753247474596e+00,3.113318310641691067e+00,5.718310275421506958e+05,9.086327610744428821e+05,3.938848538147174622e+03,5.349491073312086620e+00,4.371952300643372702e+00,1.490048852658681611e+01,8.412600996493507788e-02,5.196405917647479722e-01,1.611273923062326308e+00,1.683600795794372162e+00,3.064395813967866125e+05,9.838580704729172867e+05,6.690725577845882981e+03,5.306075097896758130e+00
1.717171717171717127e+00,7.463975266356534632e+01,2.014536327104428981e+00,1.815827445788467642e+01,7.121567362861919159e-02,3.106296071192710118e-01,1.163141830906138763e+00,2.171043602503970327e+00,6.160664798001922463e+04,2.142732114201613294e+05,5.717383842876675715e+01,3.907868179265067798e+00,2.428478630791150561e+00,1.834074982981379520e+01,7.121564015135521675e-02,3.105473077400264237e-01,1.810457505605759021e+00,2.173164411655008621e+00,6.144971384083651938e+05,1.578185562983306299e+05,4.923182721459080312e+03,4.117454562850666910e+00
1.818181818181818121e+00,8.197431843770895910e+01,2.040009921915152180e+00,2.318529726524782220e+01,4.157095606508820484e-02,7.029907459580784224e-01,1.816718314771849752e+00,3.640549998014552369e+00,3.385521155144695076e+05,1.769307810906571976e+05,9.620528325867127933e+03,5.869677152735468972e+00,2.053147354856947882e+00,2.414401128777502237e+01,4.157028686963754743e-02,7.004997777856395436e-01,2.169790926991096658e+00,2.537057331063992560e+00,1.036423383259265538e+05,1.558561018766626366e+05,7.720344104216298547e+03,5.416742797723498093e+00
1.919191919191919116e+00,8.607427994638186419e+01,3.419174122796357462e+00,1.253474153792094370e+01,5.497586075217771734e-02,1.289747932663031227e-01,1.392459368338595738e+00,2.285011582978288214e+00,3.912247256152342306e+05,6.286164912823792547e+05,5.345798462241311427e+03,5.729511059410548057e+00,3.169164507687400878e+00,1.314684323604759619e+01,5.484812183333593466e-02,1.289741810824499013e-01,1.660308901374333290e+00,1.963924791067842568e+00,9.909104848833889700e+05,1.070526166458327934e+05,3.537689224574375203e+03,3.627875993354210848e+00
2.020202020202020332e+00,8.746535724916292054e+01,2.255167218638962190e+00,2.874271449695185865e+01,1.479822743645035354e-01,4.359138581440946680e-01,1.205145914446359656e+00,2.224346081221764582e+00,8.188634223111086758e+05,8.856477848620261066e+05,6.309139544095248311e+03,5.723307688904553103e+00,3.479532961978981653e+00,1.625476835674482601e+01,1.029264957622719051e-01,4.316825373454020176e-01,1.745643495384076260e+00,2.227970280698048811e+00,9.617573321217024932e+05,5.641342290580194676e+05,9.045438662110451332e+03,5.036397434988957755e+00
2.121212121212121104e+00,7.986501618407108083e+01,3.948491176863516916e+00,1.474252005684250655e+01,1.059127506489881687e-01,4.836082649452006499e-01,7.583853403926825720e-01,1.120983244015393510e+00,4.455342196509739151e+05,2.965463489118416328e+05,7.494096348826998110e+03,5.455395732449065171e+00,3.739402126760464906e+00,1.737652308119977818e+01,1.057868780083432159e-01,4.832152178937784703e-01,1.049150114780825094e+00,1.109829827866311458e+00,8.831829255462278379e+05,3.856699035025218036e+05,7.406686609417409272e+03,4.463173174365823392e+00
2.222222222222222321e+00,9.952403563232221018e+01,2.714532801120370653e+00,1.712986775890648161e+01,1.362325268734161099e-01,3.245462009889403809e-01,1.373141196996044533e+00,2.507682187275977803e+00,5.115123991857473156e+05,5.642632559584644623e+05,8.185722759652448076e+03,4.323752722202151233e+00,3.053940297544828208e+00,2.488907080980674280e+01,1.375921801774634690e-01,3.252821959640275207e-01,1.714921763228046014e+00,2.520480528190702785e+00,2.300744720714113791e+05,6.723623428004200105e+05,5.793707846442387563e+03,5.414924564956556274e+00
2.323232323232323093e+00,6.586107311818160781e+01,3.900226857882190146e+00,1.239740557752883632e+01,7.242015412053125212e-02,2.701734828116399423e-01,7.788977308721507509e-01,1.122890401370565172e+00,6.255993050395347382e+04,2.140286493967693823e+05,8.766297696438277853e+01,3.969858041692520434e+00,3.900259352004412428e+00,1.239138597106556716e+01,7.242301580153644169e-02,2.700954781808169725e-01,1.297013578730652039e+00,1.122323565837660908e+00,6.094157008047555573e+05,1.587754739623312198e+05,4.887218165165722894e+03,4.009756083227206780e+00
2.424242424242424310e+00,8.921442099462387887e+01,2.855836491244991393e+00,1.321679766695096170e+01,7.332030632232262868e-02,3.489481382175377289e-01,1.529455013190149204e+00,2.086790820266717361e+00,4.580590316593824537e+05,6.848778265941613354e+05,3.807104345393324820e+03,5.423123096736780724e+00,4.084090704846853548e+00,1.155199940317627139e+01,7.357289979486142384e-02,3.539896100797729761e-01,2.043514121992658250e+00,2.069247033319743245e+00,3.139343546315109124e+05,7.006970562042363454e+05,6.668532590720806184e+03,5.390169791110648312e+00
2.525252525252525082e+00,8.098953918119882189e+01,2.920482499342917038e+00,1.486772684007334178e+01,2.357914426899812566e-02,3.494644308430089885e-01,1.214773344583165882e+00,2.152506393389693518e+00,5.115163451735603157e+05,5.642678353738799924e+05,8.188844768150113850e+03,5.684390468010022346e+00,2.228952329947397004e+00,1.492797506874373070e+01,2.355044658955520939e-02,3.485745099263656832e-01,1.928924667996551934e+00,1.899160682646584331e+00,2.300678727743997006e+05,6.723263731553747784e+05,5.791742049248963667e+03,4.945278512667717230e+00
2.626262626262626299e+00,8.641444475900884470e+01,2.175606756983325951e+00,2.337675158230791439e+01,1.161038823029238165e-01,4.126021026700756877e-01,1.572529618325707368e+00,2.307152559740149655e+00,9.881726626175268320e+05,8.950986586657522712e+05,6.982400186604994815e+03,5.254211879871237834e+00,1.765483592204358798e+00,4.545403354821525710e+01,1.160727404748023162e-01,4.110689826170453309e-01,1.678582980442906658e+00,2.011990832734178003e+00,6.197437195900805527e+05,9.611998087253122358e+05,6.300722361147214542e+03,5.205591246357212043e+00
2.727272727272727071e+00,8.997794034476589786e+01,2.050884339350272256e+00,2.389510675474011947e+01,1.017252588589340340e-01,3.911757254580985332e-01,1.366653694030469213e+00,1.953453799011250158e+00,5.445453026341057848e+05,8.409379832971348660e+05,5.388175861930473729e+03,5.097760404705388382e+00,2.183347943962193227e+00,2.572513592395231896e+01,1.017102888745080175e-01,4.011876913858352101e-01,1.718667240890331405e+00,1.971669336706940667e+00,7.523684857516729971e+05,8.185722850241358392e+05,4.889979902279921589e+03,4.797956290592702899e+00
2.828282828282828287e+00,8.384882098907419845e+01,1.947420722977855956e+00,4.580517597020388365e+01,1.487296565521494529e-01,4.580519048988707098e-01,1.530334414936709742e+00,2.565487848442423946e+00,7.013379511743052863e+05,2.009019952457908657e+05,6.972861619870292998e+03,4.811572177984348997e+00,2.362096315235862942e+00,4.128463919847801833e+01,1.477603873768241483e-01,4.616588093339465959e-01,2.056332782436593565e+00,2.542851091163374377e+00,3.535363304711038945e+05,5.773437513955230825e+05,4.668507240808326969e+03,4.803305492596879667e+00
2.929292929292929060e+00,7.742634000202329503e+01,2.018730924835535401e+00,3.296534877159595567e+01,1.386330835051109711e-01,6.309685260956213737e-01,1.385463263753521357e+00,3.055550704736066603e+00,8.164861343356149737e+05,9.842482939559293445e+05,5.950949176998045004e+03,6.605450076977978036e+00,2.669017348926795652e+00,3.278246049166159537e+01,1.386922024604331782e-01,6.265694231614202803e-01,2.346946774925884771e+00,3.044386940975920997e+00,4.577370840043371572e+04,2.528294080428668240e+05,8.849330026997593450e+03,6.662119071300432793e+00
3.030303030303030276e+00,9.461064597385977493e+01,3.785272324112402664e+00,1.692735751373080078e+01,1.377319375952162916e-01,3.472568783134521442e-01,1.375603975561545456e+00,3.665733894019981509e+00,5.337511961307714228e+05,7.643929430396925891e+05,4.751809680133000256e+03,6.816657728615034273e+00,2.674287616094089604e+00,1.701769726582794817e+01,1.379414977179342083e-01,3.001863006324809735e-01,1.988617656844651638e+00,3.630665881388872585e+00,3.653525742073247093e+05,6.360832901216279715e+05,8.368367285212128991e+03,6.755589781609899092e+00
3.131313131313131048e+00,9.012530508383122196e+01,2.472424176242570049e+00,2.497260597454302555e+01,1.566950988019424340e-01,5.253452621577980874e-01,1.841618684434138675e+00,3.734715079097933543e+00,3.677834100915018935e+05,6.846000417454466224e+05,6.301814317411765842e+03,6.481899981891356077e+00,3.214422987052061753e+00,2.390128335371601409e+01,1.581853649747236856e-01,5.224885295010308628e-01,1.852025146145343193e+00,3.006519481681224626e+00,4.994926307865961571e+05,4.648433835971666267e+05,7.964446462419487943e+03,5.514414743481266257e+00
3.232323232323232265e+00,9.646911007962879125e+01,2.901158888891784304e+00,2.437818413918873617e+01,2.088813968110754260e-01,4.288416337189189242e-01,2.092283774355874648e+00,3.669885566758805950e+00,3.459359076235915418e+05,8.064886879191886401e+05,1.941124217126223584e+03,5.564399933929220055e+00,2.930315521838910087e+00,2.754997678616757639e+01,1.636012479987003776e-01,4.292015324937669130e-01,2.515454015543535427e+00,3.697708569302662784e+00,3.541296965155302314e+05,8.767676104047860717e+05,1.778239500408212507e+03,4.927479363411007007e+00
3.333333333333333481e+00,9.111734328893933821e+01,1.383922977528207143e+00,3.438683079170996848e+01,7.840141923045763905e-02,2.851784841904757561e-01,1.819156434190137839e+00,3.999783966088856779e+00,4.346193830349949421e+05,8.638492149964951677e+05,7.514213449957019293e+03,5.085000897619575966e+00,1.821608447354660987e+00,2.241494346569173146e+01,7.762136677212845559e-02,2.853466828503457009e-01,1.808593672719380319e+00,2.226840540103331101e+00,3.561125058297512587e+05,5.335341632204459747e+05,4.879516879569816410e+03,5.049654879737671465e+00
3.434343434343434254e+00,9.478527522652663606e+01,2.362394286182488035e+00,3.509912481464384371e+01,1.922177544621185008e-01,5.161769954077137790e-01,2.082324678810762997e+00,4.052009616850497764e+00,2.672739608514905558e+05,6.757672564846883761e+05,1.040741224683325981e+03,5.114009883112331067e+00,2.515983525353953976e+00,3.485768202670062976e+01,1.730773378744094593e-01,5.192687902224606411e-01,2.373922051263378741e+00,3.474316445143487364e+00,2.770848549845585367e+05,4.955065112427137210e+05,1.841604298286434641e+03,5.064961990301246608e+00
3.535353535353535470e+00,8.724323776563609556e+01,3.337258135471553810e+00,1.402370657115489294e+01,5.386975589245196483e-02,3.061272990761672586e-01,1.226207563137986734e+00,1.888157012310010430e+00,4.144151503970004269e+05,7.564031746185281081e+05,2.242016839038089984e+03,5.082625707819682148e+00,3.339583914411206944e+00,1.235152763701448109e+01,5.733125924902621184e-02,2.916358653163795278e-01,1.842261906624027334e+00,1.869369440780362712e+00,5.036771125723777805e+05,5.808378412536818068e+05,2.039543845464722608e+03,4.415407765384911976e+00
3.636363636363636243e+00,8.694999682893380566e+01,3.038653955264144724e+00,2.131127444290450157e+01,2.092479404481312755e-01,4.958111346314122425e-01,1.542069392836483477e+00,2.915700526041862695e+00,5.849720012057397980e+05,6.144252336791012203e+05,3.204758824986382933e+03,5.610848484739805464e+00,4.499972263574049336e+00,1.857437964991662227e+01,2.103387988845855927e-01,4.954363877587296128e-01,1.534781862145744302e+00,2.196106319770624538e+00,6.670552226125422167e+05,6.475147604167342652e+05,8.425708681267606153e+03,5.555021472792663673e+00
3.737373737373737459e+00,8.947445943268542123e+01,3.760504966171523744e+00,1.521192419155655706e+01,8.426903643041801228e-02,4.093300819586018213e-01,1.441391806815636834e+00,3.125258282161810897e+00,8.226499765186422737e+05,4.209705407064872561e+05,9.636302306964616946e+02,4.672208708624278728e+00,4.150938238587897011e+00,1.415118372780500522e+01,8.420225126875528765e-02,4.073029907488028845e-01,1.943978974818580285e+00,2.339122879046104497e+00,5.613379413678657729e+05,3.018570602740017348e+05,2.865945249268077077e+03,4.275287771101281109e+00
3.838383838383838231e+00,8.736025421657980417e+01,2.304869184203604426e+00,2.495765414069021659e+01,1.585416184905762416e-01,4.581293347849423325e-01,1.644609173745302355e+00,3.204105620258406617e+00,7.740061717392954743e+05,2.809834090502313338e+05,2.372637079992703093e+03,4.915124310535801122e+00,2.485525996230227630e+00,3.952540213678302905e+01,1.585322776821916357e-01,4.580844811777383674e-01,2.136779225905253821e+00,3.001265303971143883e+00,4.811071254679437261e+05,3.981066111559390556e+05,7.170805659477890913e+03,4.963651889476551560e+00
3.939393939393939448e+00,1.026156258569329509e+02,3.543243858122242074e+00,2.968320658073761109e+01,2.833580110459627543e-01,3.820822885830779669e-01,1.540283509057597255e+00,2.788975852881077966e+00,3.850881935461526155e+05,5.158798920694275876e+05,3.884274184910905205e+03,4.894557798364070678e+00,3.578854228918566527e+00,3.306565993245218493e+01,2.539881535254143174e-01,3.837377118002208709e-01,2.046993637515445830e+00,2.812508645992914502e+00,4.018991266975333565e+05,9.068030627835317282e+05,2.832456403549521383e+03,4.893218545206285519e+00
4.040404040404040664e+00,7.976215728652334747e+01,2.938924343944588458e+00,1.376105171360854307e+01,5.401449579354964531e-02,2.317361751705009076e-01,1.358363633417944305e+00,2.977402069461221323e+00,5.506978868808264378e+05,3.339394083068306645e+04,1.353692505026318031e+03,3.782780465861610875e+00,2.963579643702553224e+00,1.267224672903804183e+01,5.431153407295600394e-02,2.317911660945465024e-01,2.121280650431998538e+00,2.260185710337746734e+00,4.786698464209687663e+05,1.899089319797211501e+05,1.550352520417122605e+03,3.785405629979978759e+00
4.141414141414140992e+00,9.811084756322962619e+01,2.885751539264601373e+00,3.974611975655997043e+01,2.558396039615076223e-01,6.863156247564788925e-01,1.634791500177897872e+00,3.307540788255446618e+00,2.505017428448999708e+05,3.841787803148770472e+05,9.443434728164424087e+03,6.634660230154173277e+00,3.465079602290422223e+00,3.939344007059580122e+01,2.202909160554119006e-01,6.857373041794960766e-01,1.844237425508873152e+00,2.421502984080979193e+00,2.337820077507453971e+05,5.313557749838413438e+05,7.976215866545965582e+03,5.417919654096425397e+00
4.242424242424242209e+00,8.085349990761538663e+01,3.410875238504763374e+00,1.429023020936004329e+01,8.532242374357423831e-02,3.927252371327098479e-01,1.033747234251843450e+00,1.572652507141647060e+00,4.329876387825268321e+05,8.675239117491665529e+05,9.409288882921466211e+03,6.160802893203269903e+00,3.552833280151677098e+00,1.639393633006858053e+01,8.528292251122887579e-02,3.929074573139160198e-01,1.261292467228265712e+00,1.572848338320153028e+00,3.784442878088360885e+05,2.942109278433664003e+05,8.555915111765285474e+03,5.044592301745740137e+00
4.343434343434343425e+00,1.030638572672153259e+02,2.471863229497898828e+00,3.767857887541875783e+01,2.093470893903280339e-01,4.810975440495448563e-01,2.053157327768280638e+00,3.584816309732530293e+00,4.087562573675685562e+05,7.325632602356877178e+05,8.250116159563574911e+03,5.876437736308744775e+00,3.007120195345534874e+00,3.427124129840175470e+01,2.178133152174518139e-01,4.855799249575025733e-01,2.266440140481475574e+00,3.557927858195245374e+00,3.231698575985633652e+05,5.907810307460431941e+05,4.896469146480824747e+03,5.591314119474040112e+00
4.444444444444444642e+00,9.429686459194869030e+01,3.391094133232595453e+00,1.368216279724175166e+01,1.318123208163051729e-01,4.994126514916162329e-01,2.038676296181729075e+00,3.819947893629388247e+00,3.711074802331062965e+05,3.525317483187377802e+05,5.788390372845909042e+03,6.453684855591388825e+00,2.899269916645348832e+00,2.677412444503063682e+01,1.316962322608545288e-01,5.044309968862823457e-01,2.038825234285453369e+00,3.122300787175934733e+00,4.552538651218925370e+05,3.869685539992743288e+05,5.976702225105393154e+03,5.022984557722111276e+00
4.545454545454544970e+00,9.799700205246244877e+01,2.690231573878517413e+00,4.013529542862457333e+01,2.363567184331696047e-01,4.515450978081219091e-01,1.652411864585482393e+00,2.924781950338006364e+00,3.850888733664395986e+05,4.758027678710052860e+05,3.881808404012464507e+03,5.145138052172009147e+00,3.117934748049113303e+00,4.059187500042035879e+01,2.349797753705077097e-01,4.512246076838778985e-01,1.654599118149702397e+00,2.177176813354019469e+00,6.120304777124370448e+05,5.909427185852323892e+05,5.859900601830032429e+03,4.939735570788632124e+00
4.646464646464646187e+00,8.259316184186262433e+01,2.408974293567134328e+00,2.628348652051787226e+01,1.630285904832678712e-01,3.559298083383928279e-01,1.636078688420236737e+00,2.975437258277608077e+00,7.803076906578313792e+05,9.570406209354443708e+05,8.665548578272715531e+03,5.851133150474026934e+00,2.431668323214780436e+00,2.625125066959492770e+01,1.614325767580805371e-01,3.400197128284505044e-01,1.950510862085845343e+00,2.945921488518413511e+00,3.453685869169662474e+05,6.718520702361139702e+05,7.342392531213291477e+03,5.810418913376297567e+00
4.747474747474747403e+00,8.491345527306197027e+01,2.179932194945283896e+00,4.219391898470848901e+01,1.535035144839241306e-01,6.250839621400139379e-01,1.774087856674118502e+00,3.057631522428803095e+00,1.286456729698874551e+05,1.769138720228754100e+05,9.671432984425959148e+03,6.020222646810936773e+00,2.359082604397220173e+00,4.819803557690151763e+01,1.544438426754433658e-01,6.255286507708284205e-01,2.071468358350438077e+00,3.054799880831493120e+00,9.815124351416080026e+04,1.568822583122509532e+05,8.660260640199936461e+03,6.017139801598385240e+00
4.848484848484848619e+00,9.213088383992970876e+01,3.742906039768636894e+00,1.460222227177875531e+01,1.114793832871713020e-01,5.296135942935650265e-01,1.976232067102073442e+00,3.123017886432805312e+00,8.255682005416525062e+05,2.989299153684822377e+05,4.763077595742367521e+03,4.826496007202884186e+00,3.773774766768117406e+00,1.772298729834007602e+01,1.114159961470236465e-01,5.307176885379468745e-01,2.029491569905529147e+00,2.693888631307691295e+00,8.969102089156890288e+05,4.698731874723573565e+05,4.673898092002008525e+03,4.614720697790655635e+00
4.949494949494949836e+00,9.496059616488598465e+01,3.092806568210842766e+00,2.143480117880922009e+01,1.794648764807210695e-01,5.156750188315368799e-01,1.662040131260154929e+00,3.283384798914978031e+00,3.600672632777059334e+05,7.085830339077404933e+05,6.947651673345538256e+03,6.377605479060269644e+00,2.821777724301695489e+00,2.306375055009767649e+01,1.795432143963110183e-01,5.167726174741688050e-01,1.596523483605472693e+00,2.612861270934275115e+00,3.470317061702777864e+05,7.803526952135262545e+05,5.630511121237867883e+03,6.314830732447858530e+00
5.050505050505050164e+00,8.831950599657173484e+01,3.825802866939638225e+00,1.669491501136750955e+01,1.517382956833243646e-01,4.143891903293677736e-01,1.464927120448350717e+00,2.577756156760931283e+00,8.366798159409865038e+05,2.614164023407631030e+05,5.949994832254928042e+03,5.039993373179751046e+00,3.813778050985820567e+00,1.912455638988798512e+01,1.521642972458400744e-01,4.150987579171946940e-01,1.911648041711619728e+00,2.503407920552295884e+00,2.823821054914334090e+05,2.494454873996574315e+05,8.071366365528429014e+03,5.169357436518391857e+00
5.151515151515151381e+00,8.478895739415598598e+01,3.876519506827150074e+00,1.426683534819100529e+01,8.671511228617681533e-02,4.624629509890758050e-01,1.782757232888059429e+00,2.926571761046051989e+00,4.672559861485548900e+05,7.564088749363037059e+05,4.005743537383266357e+03,5.559483735197388476e+00,3.942261231941680322e+00,1.423684947151660118e+01,8.712965071935468986e-02,4.634539011890435045e-01,1.782023365370287049e+00,2.280421240641123060e+00,3.700909908108973177e+05,5.569852184268062701e+05,2.383541473609288914e+03,4.916733084060332715e+00
5.252525252525252597e+00,8.031456373918629765e+01,2.413635728358528798e+00,2.918215030574813440e+01,1.479770720708155907e-01,4.044539296846454968e-01,1.447238899625250097e+00,2.728670223561062702e+00,6.628774280297980877e+05,1.869589053766460856e+05,9.608079464417740382e+03,4.927987574655746883e+00,2.436976714247695242e+00,3.238525497174281043e+01,1.473233806018961201e-01,4.039752151932436974e-01,2.096247730965046241e+00,2.742159585537020217e+00,5.205077184758086805e+05,4.316986977394614951e+05,5.913250120566912301e+03,4.896427488766996738e+00
5.353535353535353813e+00,9.276275636536006175e+01,2.210039546292003276e+00,2.180497721852671944e+01,1.218835604758056190e-01,2.513924035271213886e-01,1.967661246481771986e+00,3.681884332903997414e+00,3.126730861746892333e+05,5.546338743214849383e+05,1.041312888851902017e+03,5.067159973154760522e+00,2.268999980656125182e+00,1.996356697829465077e+01,1.212205541583274288e-01,2.488911019902521060e-01,3.288432768930027450e+00,3.684205311052974885e+00,2.696029332166825770e+05,9.537765819167497102e+05,1.749106509620632323e+03,5.043204736434327096e+00
5.454545454545454142e+00,9.159100441628181954e+01,2.929974570198746964e+00,2.440648329403146377e+01,1.485505616769031700e-01,6.741774827304000128e-01,1.902531992554785667e+00,3.592254715582541280e+00,6.102814854327609064e+05,7.685457264963877387e+05,4.279262202026300656e+03,4.671541841708021892e+00,2.904668931360230744e+00,3.527394097299359998e+01,1.485349880948858281e-01,6.744542616390293288e-01,2.329107124509627536e+00,3.570442935710137267e+00,5.503861678783975076e+05,7.653339722078798804e+05,6.965937306787494890e+03,5.268009734501133856e+00
5.555555555555555358e+00,9.010214753653919217e+01,2.846029955674131529e+00,3.432386181551887461e+01,2.537202855690376957e-01,3.605402268516865738e-01,1.883535780450903863e+00,3.557546131502785425e+00,4.453730084534107009e+05,6.373741037800126942e+05,6.330081562566553657e+03,5.656202808139238591e+00,2.855410383708099520e+00,3.445492508235415130e+01,2.511972158051645199e-01,3.576916209963632021e-01,2.327467990529179520e+00,3.523423502502010418e+00,8.389386429768586531e+05,4.398068989807114704e+05,6.359087805581651992e+03,4.997220772431738567e+00
5.656565656565656575e+00,8.676462936947196170e+01,3.449625084229160255e+00,1.883651871904132591e+01,1.683056350349103059e-01,4.590918919243511254e-01,1.902170364167713457e+00,3.202863052721797388e+00,3.206589317578057526e+05,5.048353473674788838e+05,6.693211209625053016e+03,5.805783736208830703e+00,3.612111011783104786e+00,2.081995696729534018e+01,1.684148619072342035e-01,4.590885115689893325e-01,2.130473076865495585e+00,3.188484436163672608e+00,3.208272627822104259e+05,5.705363988944226876e+05,8.635856691581167979e+03,5.802465820099545368e+00
5.757575757575757791e+00,9.205824377241179945e+01,3.711535071345257730e+00,1.400812616899187901e+01,1.623065716742568831e-01,2.983702183671507191e-01,1.698157311048418716e+00,2.696170532991422508e+00,5.435261827597160591e+05,8.972436650154738454e+05,6.399123706315670461e+03,6.117095613127163212e+00,3.690129088484388031e+00,1.755095167326110683e+01,1.631597593546482705e-01,2.990771458416401352e-01,1.707637599680150498e+00,2.942117968098794112e+00,5.206355607163223322e+05,3.780505739762638113e+05,9.021189664384713979e+03,5.824052382267354666e+00
5.858585858585858119e+00,8.730882195340109320e+01,2.094140752457890109e+00,3.009844725184778014e+01,9.212665916002971134e-02,6.733347042612890521e-01,2.027718045473966502e+00,3.930749264653173647e+00,4.885798500588668976e+05,5.621840662608850980e+05,8.678034538991767477e+03,6.037314294983166185e+00,2.187222589404038242e+00,3.517299116929759606e+01,9.170463442870109561e-02,6.724920968066674387e-01,2.816742843162039822e+00,3.913420854602474019e+00,3.230386498372066999e+05,6.091543959301202558e+05,5.367167776933250025e+03,5.282952401939407849e+00
5.959595959595959336e+00,1.024040108926886887e+02,2.692806174429911437e+00,4.620373313085305256e+01,2.490697108950106486e-01,6.115917958222266693e-01,1.653133186392288456e+00,2.776797885519974862e+00,1.286556410076879984e+05,1.769068153665573918e+05,9.669921280284113891e+03,6.281162958488897274e+00,2.947541763719371932e+00,4.835280792824273277e+01,2.468068633892801234e-01,5.307750562060945532e-01,1.692128957684891910e+00,2.754248042799843255e+00,9.815890151418693131e+04,1.568932066003178479e+05,8.634466698757842096e+03,6.120152254232748668e+00
6.060606060606060552e+00,9.205852628996385079e+01,2.486982556021124058e+00,1.667183279624136105e+01,1.263968032644840755e-01,3.318684669631924433e-01,2.004385258460192443e+00,3.379064178826195697e+00,4.208223401795587270e+05,4.114881738534622127e+05,9.631777848802448716e+03,6.329349463488343375e+00,2.511977245663605807e+00,2.186814121660527377e+01,1.253898793582680360e-01,3.309905262207455956e-01,2.100473457255405130e+00,2.998536742948552547e+00,4.574552987738768570e+05,1.932597385195692477e+05,8.235910394529040786e+03,4.971120575247188533e+00
6.161616161616161769e+00,9.749595458803487702e+01,2.190026629491579335e+00,3.872718127475447147e+01,1.705237512177243953e-01,4.808538266006554540e-01,1.901303969821893203e+00,3.466579031711342296e+00,4.453710483917113161e+05,6.873250332946383860e+05,5.155363190741726612e+03,5.677222063373078775e+00,2.663563597055150112e+00,4.606213725791502611e+01,1.708255631915184258e-01,4.768111832199014022e-01,2.590478986354157964e+00,3.557514439003550244e+00,5.342833168195809703e+05,6.217397348122169496e+05,7.193956170944918995e+03,4.979919919511004878e+00
6.262626262626262097e+00,9.814062661332881987e+01,3.567283882578388354e+00,1.618074184828139650e+01,1.520616939815428448e-01,4.050999900747155325e-01,1.685711560428895917e+00,3.131338002282703314e+00,2.037459774238651153e+05,8.919917662887686165e+05,7.059301973524098685e+03,5.316366223096983923e+00,3.943546710735695626e+00,1.634336224467614329e+01,1.520043329214396111e-01,4.043771196672026336e-01,2.140126180964901703e+00,3.106106743011327165e+00,1.331963276410173858e+05,8.801670601640463574e+05,8.856184257551676637e+03,6.847070939607480256e+00
6.363636363636363313e+00,8.973963343226631650e+01,3.307739725357700777e+00,2.176750917656939421e+01,1.552988788879412774e-01,5.723009006164788692e-01,1.856790676997030376e+00,3.301002105213893145e+00,6.923052644182502991e+05,5.917124579458174994e+05,4.437236322828813172e+03,5.122371273202793951e+00,3.413126353098692167e+00,2.466801378739560846e+01,1.551253475055965059e-01,5.715048331095251566e-01,2.323731943674923084e+00,2.972104245957922775e+00,6.240672256357391598e+05,5.943934786189543083e+05,9.274685297285555862e+03,5.079598917914682765e+00
6.464646464646464530e+00,1.001698925538172631e+02,2.759063335405720796e+00,1.333948223810158673e+01,1.324641690211887657e-01,3.497967514223440655e-01,2.404568306375561626e+00,3.547662548336779853e+00,6.308585927387307165e+05,4.568348645781824016e+05,8.570934373322543252e+03,5.640024448023641668e+00,2.743229655273549561e+00,2.822717820294650792e+01,1.333310752819783229e-01,3.497414317285774121e-01,2.558755448322146631e+00,3.550951388082269400e+00,5.846954234067313373e+05,5.853794922341771889e+05,6.513333765046061671e+03,4.891349957626061951e+00
6.565656565656565746e+00,9.104552460195864683e+01,2.788189524251743823e+00,2.117304933331041283e+01,1.400136883288699008e-01,4.411367408720134886e-01,1.830226592392313112e+00,3.175198333949133644e+00,3.206584291628851788e+05,5.047779284339422011e+05,6.709955098125913537e+03,5.863615981925469178e+00,3.275823004800279215e+00,1.948124515654896882e+01,1.400137599221171480e-01,4.370004389234488640e-01,2.118785703520723374e+00,2.904264927910044314e+00,3.207531480785624590e+05,5.706262424759357236e+05,8.649044545975626534e+03,5.753351912000495894e+00
6.666666666666666963e+00,9.981228805380192171e+01,3.847256124468689364e+00,2.469252904829274442e+01,2.850060709597876385e-01,4.376596427141211110e-01,1.854420212310430749e+00,3.681337485400640652e+00,6.060732552645392716e+05,6.837800074763933662e+05,5.202752261170252496e+03,5.403997064363751157e+00,3.717164338109020694e+00,3.323249044214028913e+01,2.852742485053053056e-01,4.376600558246446782e-01,1.851354551818012339e+00,2.620212518119055645e+00,6.423463248565262184e+05,9.278732959226419916e+05,6.107273906115120553e+03,5.364715473690721659e+00
6.767676767676767291e+00,9.208739221160084298e+01,2.733081561476315091e+00,4.114941466943805182e+01,2.771248924599892804e-01,4.782164379251560571e-01,1.402691016385161804e+00,2.924216014677492925e+00,4.807081273091140902e+05,5.259567585520528955e+05,8.904355548455989265e+03,6.192479972043328118e+00,3.373662551404736476e+00,4.121703560644701270e+01,2.769566522471286207e-01,4.782111435287282886e-01,1.923416971477125426e+00,2.927988325208708886e+00,3.589192757285790867e+05,6.587893724835558096e+05,6.220423253763900902e+03,5.560731399471988468e+00
6.868686868686868507e+00,9.573799008025275725e+01,2.493737256767378341e+00,4.545638424546307732e+01,2.086268557643923272e-01,5.497907453219219587e-01,1.927001548497121908e+00,3.378884460751032215e+00,1.286602385754106945e+05,1.769181820418054995e+05,9.680328971343062221e+03,6.047572177125920767e+00,2.605532954257727685e+00,4.478740015169942268e+01,1.957308681678804618e-01,5.444217504215852488e-01,2.297630942140822530e+00,3.369579707443072447e+00,9.816603037768285139e+04,1.568973513277532184e+05,8.668155378098048459e+03,6.016520369188627981e+00
6.969696969696969724e+00,9.314730071173551096e+01,2.882072439478158721e+00,2.530882947758944468e+01,1.879307856871068882e-01,5.092394235404915648e-01,1.867486316208615271e+00,3.390938717313817019e+00,6.143488641012990847e+05,7.592321778688352788e+05,4.368666064863676183e+03,5.530982163346169322e+00,2.861652633656141198e+00,3.400978488666893185e+01,1.879264502045566165e-01,5.092395313307374050e-01,2.080976250174610964e+00,2.963723132521251191e+00,6.335274950330748688e+05,5.661823408276467817e+05,6.223221329712001534e+03,5.141326920006031642e+00
7.070707070707070940e+00,9.886917675468450284e+01,2.812093002028233091e+00,3.361690301860949148e+01,3.172113188033073850e-01,5.202118245154300213e-01,1.462660782815589089e+00,2.832660395669873932e+00,8.508227886595145101e+05,8.569786542930684518e+05,2.227374210214984487e+03,5.691322202904619765e+00,3.534155285014199510e+00,3.380652896114511918e+01,3.369717253393335610e-01,5.187745427157877121e-01,1.477356666129840734e+00,2.661579680774550649e+00,6.623296571568126092e+05,9.182050557095472468e+05,2.928136634338023669e+03,5.668394230502460829e+00
7.171717171717171269e+00,8.544462557660283153e+01,2.570552595391938588e+00,3.073177164708708631e+01,1.689777725104179840e-01,5.622816786489407415e-01,2.308269168971481822e+00,4.180101053491458885e+00,1.413579674144556338e+05,5.602681503022727557e+05,7.266593237511124244e+03,6.577469139716925817e+00,2.596386078580048995e+00,4.105889741034920348e+01,1.693421531596038254e-01,5.621898897699736386e-01,2.313448556225068398e+00,3.097000676383053097e+00,1.584472923495147261e+05,5.624253188111670315e+05,6.489197700309387074e+03,5.793097599125190733e+00
7.272727272727272485e+00,8.691053123181508511e+01,1.326197087648343764e+00,3.358808637687572229e+01,5.815118072041831898e-02,3.809819561893550421e-01,1.895359385116788475e+00,3.009675065271305794e+00,3.263096676463090698e+05,4.494753449785982957e+05,7.978555736138351676e+03,5.594084927682478003e+00,1.360764851112665541e+00,3.380926651771814306e+01,5.812796436716535786e-02,3.807663377100406477e-01,2.537935163518542758e+00,2.745465292807131696e+00,3.329307309850744787e+05,6.707980877174518537e+05,6.261394313612707265e+03,5.113334597063416531e+00
7.373737373737373701e+00,8.850725648981466520e+01,3.620840849093576175e+00,1.890283370813421016e+01,1.569972706654980399e-01,3.933207320385442296e-01,2.251117420214164166e+00,3.764370872933107126e+00,1.358565103468493617e+05,7.798834134061320219e+05,4.775741471549700691e+03,6.049342211883858234e+00,3.657123342670668187e+00,1.891267656771038119e+01,1.569125333884906492e-01,3.924067529176554214e-01,2.272006802419007432e+00,3.049927306439826236e+00,1.099047994538010389e+05,8.653467445396244293e+05,5.499238025586048934e+03,6.077842526035836634e+00
7.474747474747474918e+00,1.085087336751628584e+02,2.879710982307357447e+00,4.259917208501038743e+01,2.787094532682037329e-01,5.031338410681055473e-01,2.233118430984789793e+00,3.482624856246513634e+00,4.756742464060158818e+05,6.692378883502772078e+05,8.538056452483793691e+03,5.500877461600643947e+00,3.656979576632476636e+00,4.252804613712699933e+01,2.814670138525608989e-01,5.031840672738079334e-01,2.401832638671155262e+00,3.460150289694771786e+00,5.152650113261606894e+05,6.304471119213604834e+05,6.985113683055991714e+03,5.133282447092989642e+00
7.575757575757575246e+00,8.331211768065372780e+01,3.173603022186376243e+00,1.660745875022656293e+01,1.149887127570147077e-01,4.344001324645829776e-01,1.987409456222821280e+00,4.117695816008463794e+00,7.250371914333226159e+05,2.170176386285122135e+05,3.522989171336249910e+03,5.092995391936332439e+00,3.477903726701541132e+00,1.651742718941396504e+01,1.160260352251743093e-01,4.367086410926110940e-01,2.501465019614759644e+00,3.564644505389298335e+00,7.260115489441811806e+05,5.092128434011031059e+05,5.217162098037974829e+03,5.077865273883022112e+00
7.676767676767676463e+00,9.178105042001922698e+01,2.576920558424110830e+00,2.349035673934577417e+01,5.095488404171788499e-02,8.939181916251095483e-01,8.945675794373691980e-01,1.183083349109624427e+00,8.911891720343399793e+05,7.559868687666323967e+05,5.101349158887292106e+03,4.753352233070509136e+00,3.027597527942925026e+00,2.057567446463530914e+01,5.109604843563723270e-02,8.901917176417343258e-01,1.314137790244178428e+00,1.183866139003930451e+00,5.954512625908062328e+05,6.018233719093035907e+05,3.695430245639010082e+03,3.560776009891661431e+00
7.777777777777777679e+00,9.162795293695387500e+01,1.928859557232186939e+00,2.180610008168122604e+01,3.936832641757272849e-02,6.550413529212846253e-01,1.664781388472126089e+00,2.188498450361086256e+00,7.494896936178214382e+05,4.378076973300960381e+05,5.349345845866571835e+03,4.731270914558344032e+00,1.948244924913554943e+00,2.530775659571587255e+01,4.026291590915685725e-02,6.222312929655670066e-01,1.700419357248900143e+00,2.171369944899903537e+00,8.699507792937217746e+05,3.994069873208053177e+05,8.646129354750315542e+03,4.610183243120013152e+00
7.878787878787878896e+00,8.019832277185838620e+01,3.187887061600482408e+00,1.999307660704943856e+01,1.607770193308153683e-01,5.067415204386320760e-01,1.423562437365138766e+00,2.175455496700936742e+00,3.206640524962496711e+05,5.048302239773325273e+05,6.697300647262803068e+03,5.664614862568470244e+00,3.185963731893324713e+00,2.459845969734154636e+01,1.608457529749838244e-01,5.073250921191273521e-01,1.460862983680024207e+00,2.005123055247556962e+00,3.208257869873654563e+05,5.705324697851618985e+05,8.656881292719168414e+03,5.636154813843477385e+00
7.979797979797979224e+00,9.043189232345005735e+01,2.129413167599265133e+00,3.575665347530319593e+01,5.462656645843016329e-02,9.705215825053207235e-01,2.700491148446162892e+00,4.660117403846126827e+00,7.978872205046538729e+05,6.894322084437648300e+05,6.763758544918408006e+03,5.296669921848171647e+00,2.355388998180633742e+00,2.791376785759855039e+01,5.453685753702849914e-02,9.684020718092536395e-01,3.289919934654594869e+00,4.494861650189575286e+00,6.159910534606708679e+05,6.949093857970268000e+05,6.352514372554634065e+03,5.243967373833908319e+00
8.080808080808081328e+00,9.878474724746759250e+01,2.588458658247424715e+00,4.112410389946080613e+01,2.121388796577837188e-01,4.220263176255847903e-01,1.735527109175737603e+00,2.962595281080925957e+00,4.755017825725615839e+05,6.692733026643461781e+05,8.499023670736163695e+03,5.562488813937135568e+00,2.605794587788142991e+00,4.552657132137799323e+01,1.999318258053859043e-01,4.227932763962056195e-01,2.301985073675933524e+00,2.934263810563053188e+00,5.153461922507022391e+05,6.305240107869951753e+05,6.989007877509558966e+03,5.118119863399915204e+00
8.181818181818181657e+00,9.245739083577568351e+01,3.141958839409690007e+00,1.957696221810306980e+01,1.242700720706494677e-01,4.376792526743736866e-01,2.053269929510484815e+00,3.478817009885688538e+00,2.037594815906600270e+05,8.919670236007965868e+05,7.077787435213075696e+03,6.162378103909381011e+00,3.319196657605689715e+00,2.095756759267992564e+01,1.242709632022792332e-01,4.379547758640544575e-01,2.395722442277037789e+00,3.472918426876264508e+00,1.331984125429196283e+05,8.801691781048880657e+05,8.876028780459500922e+03,6.224310678342608760e+00
8.282828282828281985e+00,1.001144612894323700e+02,3.307142382138057890e+00,3.027034626650167226e+01,3.358757931617160075e-01,4.634560879569128988e-01,1.538675078270782537e+00,3.554467588899192787e+00,2.014609397931563726e+05,3.398052819953246508e+05,7.551275358514676554e+03,6.812419692847111463e+00,3.314997776333563628e+00,2.915974511226286836e+01,3.368169374680444195e-01,4.635480160057828258e-01,1.536039051055364313e+00,3.565246723360721237e+00,4.012728196200364036e+05,3.953535595621624961e+05,7.724984754790994884e+03,7.031346102896745442e+00
8.383838383838384090e+00,9.757291949419034438e+01,3.573509308753581415e+00,2.010269987657800073e+01,2.431235044394931266e-01,3.481881836326026214e-01,1.981687564235960597e+00,4.064244474901319570e+00,9.599675607006486971e+05,5.950650238857863005e+05,4.905034397899139549e+03,5.587879147398002289e+00,3.608976405418274247e+00,2.047652941469839760e+01,2.431285785125959220e-01,3.486886294724825808e-01,2.327585901564779292e+00,3.802161677601522793e+00,9.281063560369970510e+05,4.748681163213457330e+05,7.242212672005660352e+03,5.563339547426664922e+00
8.484848484848484418e+00,1.040403934607221430e+02,3.626798615454372765e+00,2.237544080232057908e+01,3.873787211567570887e-01,3.599580306016543774e-01,1.915274971035756835e+00,4.171959271876975350e+00,1.671501990151904756e+05,7.527649087175400928e+05,3.838173603421962980e+03,6.961152598966591221e+00,3.625688189511112380e+00,2.985795544634176935e+01,3.424596725792850571e-01,3.607330660794312305e-01,1.914028353074557431e+00,3.402235545873933287e+00,9.413825059467161191e+04,8.212609805968421279e+05,3.587449744263349203e+03,6.894117825051826465e+00
8.585858585858586522e+00,9.851955273878660080e+01,2.899463727176153860e+00,3.787769351130572915e+01,2.772960167232227380e-01,4.455096350413584316e-01,1.777898745525440916e+00,3.321244875701420796e+00,1.380062144247633987e+05,4.421665319929791149e+05,8.829403663730836342e+03,6.480322469858095680e+00,3.011678372068626874e+00,3.698226301230067747e+01,2.777721265356423164e-01,4.454288305332435582e-01,1.794618646087181801e+00,3.324755778549178142e+00,2.247090995783573599e+05,2.583508811867931508e+05,6.587618327370928455e+03,6.057088858298341982e+00
8.686868686868686851e+00,1.042067673965602950e+02,2.916466648837403142e+00,3.849437089215147267e+01,2.397091772200216353e-01,4.871390381145410120e-01,1.961659645183047918e+00,3.319482040885355367e+00,5.218684874814331415e+05,6.743399562494881684e+05,8.889640454949030755e+03,5.552279659508738696e+00,2.907906458986849962e+00,4.439341059868059602e+01,2.395994162792701443e-01,4.841922939603749421e-01,2.192633822746495653e+00,3.118057407990394214e+00,5.404077442903495394e+05,6.862522289305704180e+05,7.150978821597597744e+03,5.283357099947152413e+00
8.787878787878787179e+00,8.697199012711513433e+01,2.835035178646904797e+00,1.910465333547166367e+01,1.640314411950204165e-01,3.498578702648346694e-01,1.401838948401158857e+00,2.217073592540816929e+00,5.966838302427129820e+05,3.760797771903395769e+05,6.935557663355618388e+03,5.412354558737506594e+00,2.849906574892473898e+00,2.231360785163393246e+01,1.652909549299183545e-01,3.501325242926580095e-01,1.449351952670166588e+00,2.384670565348663729e+00,5.675782662064346951e+05,3.540988586433833698e+05,7.162964142777089364e+03,5.415776929812736284e+00
8.888888888888889284e+00,9.196352832255587373e+01,3.031680072769877832e+00,3.391076452899759630e+01,2.403615068748175265e-01,4.583720494805086365e-01,1.616122710531040285e+00,2.754829630181156563e+00,4.754666347667028895e+05,6.693884082322700415e+05,8.524960193749522659e+03,5.720644763223365459e+00,3.049886275683031389e+00,3.049501825861037929e+01,2.399472886658667592e-01,4.576032769378861609e-01,1.800921665283235384e+00,2.766468683644241366e+00,5.151515661165491329e+05,6.305356033707625465e+05,6.988700900990476839e+03,5.742050968346802620e+00
8.989898989898989612e+00,9.822075151033023133e+01,3.327085420422815965e+00,1.193533733773590022e+01,3.208704403750154560e-02,4.366034717726395842e-01,2.336576817553169594e+00,2.834682209810908571e+00,7.494903403379827505e+05,4.378074550885928329e+05,5.345961527173129980e+03,4.650395235910417924e+00,3.295695563752498281e+00,1.231469018734280674e+01,3.209807919991192887e-02,4.364847993312646612e-01,2.612413348995031193e+00,2.770579747819956307e+00,8.699570498562570428e+05,3.994169702274287120e+05,7.940089850157112778e+03,4.654236090638403489e+00
9.090909090909089940e+00,9.008355291969472489e+01,3.699302146573597128e+00,2.307202730309870731e+01,2.079133216929603400e-01,6.101998161067020421e-01,1.897103239846517742e+00,3.607024764630303970e+00,5.276482706278361147e+05,7.178418931367276236e+05,5.877573546867659388e+03,5.763535813361392535e+00,3.868585771471742873e+00,2.293491085810737573e+01,2.077388003710130826e-01,6.195274214109426358e-01,1.896181726028681513e+00,3.205224885259314149e+00,6.245003654719193000e+05,7.111532084666689625e+05,7.904910883294191080e+03,5.773521530284565273e+00
9.191919191919192045e+00,9.895049664942598611e+01,2.664754898743246780e+00,4.382011748054222977e+01,2.688071430027680897e-01,4.741186474726015176e-01,1.841469390465671374e+00,3.725263328786675210e+00,2.395734533163315500e+05,8.057996693602633895e+05,3.409850690960607608e+03,6.318635197450404917e+00,2.662645717816857438e+00,3.574156212329243232e+01,2.684180694913474996e-01,4.743290941172328412e-01,1.746588800898541072e+00,3.322168331044716538e+00,5.218034652833685395e+05,9.685513797925552353e+05,3.866603791916267255e+03,6.379638116443581808e+00
9.292929292929292373e+00,7.914949973481887469e+01,2.665725573325423259e+00,2.047048898464221622e+01,1.228127186267545107e-01,4.839179775735945599e-01,1.849436829148630501e+00,3.067110252536433546e+00,7.618925530614928575e+05,4.378064143041846692e+05,5.349033588399026485e+03,5.049250652807748985e+00,2.692361149414687738e+00,2.029917111526980733e+01,1.228113506264338073e-01,4.845881287921855463e-01,2.278620225196974047e+00,3.073660658153464897e+00,8.699625768104987219e+05,3.994143075706704985e+05,8.671113993310062142e+03,5.099433056616421212e+00
9.393939393939394478e+00,9.125911204794029175e+01,3.262013219020439614e+00,1.507959031409093953e+01,5.472462268453250761e-02,4.969898670010241548e-01,1.808112653731276387e+00,2.596722185805012462e+00,5.605174573905514553e+05,5.517050492216288112e+05,8.707679214914836848e+03,5.410095094924862735e+00,3.292419099207932742e+00,1.581410736119968874e+01,5.598301600479675677e-02,4.924394789400407535e-01,1.812218043309307802e+00,2.299537109477041597e+00,7.043630540284831077e+05,8.364218682928211056e+05,8.453784677766450841e+03,5.033908095377874758e+00
9.494949494949494806e+00,1.018897095684595797e+02,2.906845224510196779e+00,3.430440825691643880e+01,2.402230007112547139e-01,5.881247779822714739e-01,2.304342386221507333e+00,3.844706805428032670e+00,7.740067042895724298e+05,7.918066320432252251e+05,9.539269216322207285e+03,5.769203924430616581e+00,2.923467781113467723e+00,3.917712589158901437e+01,2.422136234938240540e-01,5.881362525153603915e-01,2.579449509674317742e+00,4.153546165349131236e+00,8.672671741013872670e+05,8.369044878668467281e+05,6.587322689474926847e+03,5.716351909268330367e+00
9.595959595959595134e+00,9.721464192200147636e+01,3.407473531451008952e+00,1.716405785822904306e+01,1.923100361690839866e-01,3.903900195953407537e-01,1.849872941099170998e+00,3.058763411472415150e+00,7.494994860547479475e+05,4.378045839239000925e+05,5.344232771061832864e+03,5.221418906737774535e+00,3.784061507135324742e+00,2.033147716294733698e+01,1.922279656666251446e-01,3.865574061755089330e-01,1.866873336300652442e+00,2.870339429448158786e+00,8.699379862465535989e+05,3.994156474061885383e+05,8.655730101860175637e+03,5.033852865689886436e+00
9.696969696969697239e+00,8.667773705241715732e+01,2.417576808411793454e+00,3.057953794517169044e+01,1.498066629376964276e-01,6.342346954317986674e-01,1.723320342790963133e+00,3.918624877573954279e+00,1.884017228269910556e+05,3.405797453384717228e+05,7.671472888748699916e+03,6.817165341233986986e+00,2.419928912320452152e+00,3.377246674363644985e+01,1.499014504079155541e-01,6.330102408008355663e-01,1.723182691337071359e+00,2.986885301143070048e+00,3.957046064513365272e+05,4.546970051168219652e+05,7.911232973739874978e+03,5.944417367456476420e+00
9.797979797979797567e+00,8.732997247489528547e+01,3.492184455978538882e+00,1.485935304179713512e+01,6.361855599496971103e-02,2.923264616490529044e-01,1.615286257261261404e+00,2.813226976520065037e+00,8.941742285039653070e+05,3.931410564343947917e+05,7.657442758403737571e+03,5.160367264151822120e+00,3.504812432703033220e+00,1.362032036667511470e+01,6.348661316005327349e-02,2.923085655121078763e-01,1.789843399964674120e+00,2.810299402194413876e+00,7.567953492117075948e+05,3.619055305778807960e+05,2.905585368607800774e+03,4.754186838981446783e+00
9.898989898989899672e+00,9.896979937978969133e+01,3.585405231128849568e+00,2.662023674140623086e+01,2.968441157447997969e-01,5.302236543153554527e-01,1.652203003745120524e+00,3.411568415347344896e+00,4.203692536058092373e+05,6.091842555895621190e+05,6.736929817456865749e+03,6.292513064952700574e+00,3.776337738444458303e+00,3.283031683456081140e+01,2.973996406235691059e-01,5.303358481501529997e-01,1.654866924390621774e+00,2.427081154716700162e+00,6.857382989673969569e+05,6.486811567357223248e+05,8.245232913433161229e+03,5.455212167716723570e+00
1.000000000000000000e+01,8.685871567944006699e+01,2.516883526792395909e+00,2.307750647266720279e+01,1.329652078053324971e-01,4.367385876299394454e-01,1.820712093292380152e+00,2.994003457640346255e+00,4.391210283288835781e+05,3.861725594824286527e+05,9.080069176130455162e+03,5.610691856006806866e+00,2.529774230611745445e+00,2.373169490725372199e+01,1.332190143031009855e-01,4.363708294330824189e-01,1.833280089063361595e+00,2.701490799628798456e+00,5.125617145057596499e+05,3.622352698101005517e+05,7.688370151857620840e+03,5.351529403857191447e+00
Synthetic Data/h1n1/h1n1 with 0.0 noise.csv
Synthetic Data/h5n1/h5n1 with 0.0 noise.csv
