1.000000000000000000e+02,7.591741594284741268e+01,2.790334223248124967e+00,3.161846126683493097e+01,1.454471787760135137e-01,7.498298875688318432e-01,2.088176292154634517e+00,3.519254039078083096e+00,8.562879098258153535e+05,4.260920586277957191e+05,7.088607469953507461e+03,5.057850969215533787e+00,2.790353807527537366e+00,3.155683588408712481e+01,1.454473543921543655e-01,7.498244353854295330e-01,2.088173687092814923e+00,3.519256200486851505e+00,9.046005347499763593e+05,4.255216977624495630e+05,7.424156547042509374e+03,5.057829003444197724e+00
1.010101010101010104e+02,7.388194195647922413e+01,2.823894406148502068e+00,2.465785871120984041e+01,1.296394796148175876e-01,6.697256822033156309e-01,1.979031937663060070e+00,3.395000463054166584e+00,4.817865523013907950e+05,6.167532561983535998e+05,9.190850725041231271e+03,5.898366951629105515e+00,2.823892595047273968e+00,2.466007498773025830e+01,1.296387258499331896e-01,6.697261488003870555e-01,1.979039246673432340e+00,3.394989151374611325e+00,5.135620111613291083e+05,6.221267365838332335e+05,9.688358508450615773e+03,5.898341752869653121e+00
1.020202020202020208e+02,7.833057947500748242e+01,2.945690079569499797e+00,2.052331482750783209e+01,7.352986342518276486e-02,7.692208146682173453e-01,2.000557161051813804e+00,3.651713923588774335e+00,4.969043852664506994e+05,8.259393943694711197e+05,5.166739650638633066e+03,5.832290813840143251e+00,2.945712750663756818e+00,2.043763997370497876e+01,7.353061116729964208e-02,7.692284514060544476e-01,2.000539363117755265e+00,3.651706490956433182e+00,4.751549652926065028e+05,8.032934795871434035e+05,5.545156777574532498e+03,5.832325967016334545e+00
1.030303030303030312e+02,7.917759068434392589e+01,2.639711913969874146e+00,3.011080444938129475e+01,1.531129223283178853e-01,6.555070781329006557e-01,2.073925843675163971e+00,3.479081342578975278e+00,5.756527178751740139e+05,8.976990259760100162e+05,7.216467046156009019e+03,5.830435542123515447e+00,2.639711068108448355e+00,3.023113164784794193e+01,1.531129366094567679e-01,6.555025685882081010e-01,2.073925787801271792e+00,3.479072773046578693e+00,6.034212203635835322e+05,9.228398753932376858e+05,6.636870096588620981e+03,5.830434166698597487e+00
1.040404040404040416e+02,9.565768136970297064e+01,3.503944692333208266e+00,2.948014986733904053e+01,2.974532015185477052e-01,6.022295551761961407e-01,2.243012718999484623e+00,3.554167339449586738e+00,8.468444582114462974e+05,4.962746988749759039e+05,7.535764812518315921e+03,5.473485201365729580e+00,3.503865127186943429e+00,2.948017417578826738e+01,2.974529031533859058e-01,6.022070091033024930e-01,2.242960600222355882e+00,3.554171978216599914e+00,8.736255362387929345e+05,4.735032235539258108e+05,7.788532693170541279e+03,5.474091105579551808e+00
1.050505050505050519e+02,8.506077772049684427e+01,3.365732809292163452e+00,2.657489649076920557e+01,2.380601722732501591e-01,5.733619186889052921e-01,2.064785618672746903e+00,3.814530904411259637e+00,4.285286007539317361e+05,7.495358811642014189e+05,6.847349172308872767e+03,6.165246182035654776e+00,3.365757970164254598e+00,2.688760684752676866e+01,2.380603218328107007e-01,5.733681761904600993e-01,2.064818010164517048e+00,3.814540001907682498e+00,4.291466159028079710e+05,7.577453113363272278e+05,6.644347334854424844e+03,6.165281706810215923e+00
1.060606060606060623e+02,7.522733979855958353e+01,2.214705802655609457e+00,3.096294444435179827e+01,1.449005742611279568e-01,3.338358970769279566e-01,1.983149107489729834e+00,3.159500707222240745e+00,5.399975956405565375e+05,6.378689143443476642e+05,4.951427176923751176e+03,5.170092640039764653e+00,2.214723783324800355e+00,3.103121910250490245e+01,1.449001026328155250e-01,3.338363370449873302e-01,1.983169961190675012e+00,3.159551627528475404e+00,5.348262552219300997e+05,6.592285193177926121e+05,4.735140225224871756e+03,5.170016845755228019e+00
1.070707070707070727e+02,8.595293852097465503e+01,2.976853903878822205e+00,2.622021552635377617e+01,1.549039234571921442e-01,5.660988435676493902e-01,2.266287818826110190e+00,3.449090004726027558e+00,6.202768682898950065e+05,8.055782950080308365e+05,8.386829763575244215e+03,5.439336613025886003e+00,2.977124293135422928e+00,2.634002651046861132e+01,1.549033644390512832e-01,5.660833603267226843e-01,2.266287594306230169e+00,3.449095173312754170e+00,5.931048650073512690e+05,7.674637486207623733e+05,8.567091887846396276e+03,5.439150614700682063e+00
1.080808080808080831e+02,8.757967106022478276e+01,2.915737238197821934e+00,2.468693926220509738e+01,1.596827871132629750e-01,6.434292043522056304e-01,2.215819219304410836e+00,3.017966689245268785e+00,5.436151022971686907e+05,5.669910533508112421e+05,7.137189102427758371e+03,5.396086749778566727e+00,2.916879526630367092e+00,2.490849109118710913e+01,1.597686160823546253e-01,6.422789824072914211e-01,2.215349910400118638e+00,3.024665237820855612e+00,5.121843668461483903e+05,5.367175090465355897e+05,7.490762895231250695e+03,5.398997653613979431e+00
1.090909090909090935e+02,8.809525096384669496e+01,3.349337336271326571e+00,2.943267977481897901e+01,2.057078261124528351e-01,7.779387381568613202e-01,2.230953926934707177e+00,3.372366055747699765e+00,7.110596231568878284e+05,7.987001809648034396e+05,6.803526391353350846e+03,5.454806137369550001e+00,3.349341568132291780e+00,2.940926872050821572e+01,2.057082749693776302e-01,7.780428580928961946e-01,2.230932603977283435e+00,3.372340852165620628e+00,7.233449394422395853e+05,7.738565482692886144e+05,6.662839806944926750e+03,5.453119304944920920e+00
1.101010101010101039e+02,7.849732918917440827e+01,3.110890707316624315e+00,2.005921643247673458e+01,1.249507369468929457e-01,4.709832868318627463e-01,2.148722643398294885e+00,3.290315906188508333e+00,7.200642850940652424e+05,9.669645037696192740e+05,8.250715581934367947e+03,5.520715067292294442e+00,3.111071060300728774e+00,2.001334152125202337e+01,1.249521979852213222e-01,4.709752567461982786e-01,2.148778963145386633e+00,3.290266965957296730e+00,6.728321724386500427e+05,9.754226066296569770e+05,7.877363419788181091e+03,5.520706865469971802e+00
1.111111111111111143e+02,7.807276423397834719e+01,2.618104393362380211e+00,1.780350337635720592e+01,1.065957105603192456e-01,4.126561436462246601e-01,1.798447562388743259e+00,3.165674809086171493e+00,2.963311793753039674e+05,3.893938646744760917e+05,2.918630475998082147e+03,5.606544966647246220e+00,2.618099527983078989e+00,1.780443321745668328e+01,1.065957462747764706e-01,4.126746985829416459e-01,1.798622935599142325e+00,3.165561746031957835e+00,3.951645042467288440e+05,3.615685479243915761e+05,3.945295524961122283e+03,5.606779632472814079e+00
1.121212121212121247e+02,1.119909614543469161e+02,3.004600926759121382e+00,4.045574604360748339e+01,3.398639279028269899e-01,4.285616581730737340e-01,2.583529598654034753e+00,3.994682179076184614e+00,7.018968512050342979e+05,5.578586394962134073e+05,6.454901735977194221e+03,5.254940140450683472e+00,3.004823076586311981e+00,4.032210839628687893e+01,3.399670288135756002e-01,4.285452559588814325e-01,2.585212683493182784e+00,3.994368297961404135e+00,6.940019035427588969e+05,5.439972190962064778e+05,6.811887053443861078e+03,5.252431609812213686e+00
1.131313131313131350e+02,7.914378338766539400e+01,3.341991350950616724e+00,2.807057371298770221e+01,1.746752401938754806e-01,7.699480778199169206e-01,2.046150125777985718e+00,3.627355255770357445e+00,6.327153859532029601e+05,4.777455821001034928e+05,9.094823387905040363e+03,5.417835594262330190e+00,3.341943242700864403e+00,2.913088352470737874e+01,1.746747365581902134e-01,7.699427339662811010e-01,2.046130170544694593e+00,3.627365643090910918e+00,6.304467082709452370e+05,4.737974992244245950e+05,9.354034217636535686e+03,5.417857393188426407e+00
1.141414141414141454e+02,8.966404570442132638e+01,2.862675213770454530e+00,2.872491192429280815e+01,1.894995998981879592e-01,7.033758853302111147e-01,2.687220372814519642e+00,3.969083939990629251e+00,5.058647143440762302e+05,9.202357177718746243e+05,8.835097090776151163e+03,6.104240270696854154e+00,2.886480184605247690e+00,2.887615808387746341e+01,1.894957248281622375e-01,7.036458457405401212e-01,2.687930116678376891e+00,3.968518623338422202e+00,4.933284378332779161e+05,9.565884163520339644e+05,8.911232051582799613e+03,6.136853915205638721e+00
1.151515151515151558e+02,8.676438768644830191e+01,3.085757471572140087e+00,3.505660084741660398e+01,2.307209866644780727e-01,6.215116309039627751e-01,2.172203468569241291e+00,3.537786648217259078e+00,5.167151436456856900e+05,6.649370672188629396e+05,8.648649512288960977e+03,5.741257047604771735e+00,3.085734200368645652e+00,3.634202823152127593e+01,2.307452234108193778e-01,6.214950414974304005e-01,2.172470980383796491e+00,3.537913504700702205e+00,5.199594628977314569e+05,7.287643982298023766e+05,8.306393945008641822e+03,5.741241322205118180e+00
1.161616161616161662e+02,7.834646808031061482e+01,2.964788388128895669e+00,2.259739719897552845e+01,1.137216721939662833e-01,7.732973053856434520e-01,2.262506706350073227e+00,3.301283828907218609e+00,5.777594835306730820e+05,3.915914457013444044e+05,5.817027126672678605e+03,4.940626376822302213e+00,2.964838257371115393e+00,2.260004683459343511e+01,1.137216597450578792e-01,7.733024806383496097e-01,2.262508829260743148e+00,3.301278384834549939e+00,5.832690949947308982e+05,3.798951439740489586e+05,5.383494106455716974e+03,4.940733647410384677e+00
1.171717171717171766e+02,8.571044330245669585e+01,2.710608956580843998e+00,1.775663309889268149e+01,9.654828362773115735e-02,5.520944591847429805e-01,1.586523156505310173e+00,3.644129950366144399e+00,4.118341331689638901e+05,7.109716165725776227e+05,4.169454286606058304e+03,6.883510765206939830e+00,2.710630498900387320e+00,1.777568231132303112e+01,9.654881958086948546e-02,5.520912408479561329e-01,1.586537281906169827e+00,3.644199548393527888e+00,3.949653432938914630e+05,7.237950409607115434e+05,4.257184907718798058e+03,6.883528836134588325e+00
1.181818181818181870e+02,1.266160826857707207e+02,2.623380135874428642e+00,3.166596752452792884e+01,1.630323162443376162e-01,5.896882964131047178e-01,3.573406708014922994e+00,3.880902595579092118e+00,7.304308571182541782e+05,4.618545380107390229e+05,3.746341291938467748e+03,4.389688350006816897e+00,2.623366110878720736e+00,3.156060691738372981e+01,1.630650021626051938e-01,5.898272968892432910e-01,3.573263027070844089e+00,3.881734841823508031e+00,8.054056573857166804e+05,4.583455929361758754e+05,3.921824148917455659e+03,4.389545043352426568e+00
1.191919191919191974e+02,1.053942130506040655e+02,3.455501160155172169e+00,2.326350144726004388e+01,2.179952859756913996e-01,5.686303847981408754e-01,2.907793660713037021e+00,4.052223852481136035e+00,4.865070274840288330e+05,5.572780720203773817e+05,6.479449084172394578e+03,5.515915318366005238e+00,3.455578311977280492e+00,2.318961217235029437e+01,2.179937700893217201e-01,5.686302885615925895e-01,2.907805845993498117e+00,4.052280041925812704e+00,5.136498923289606464e+05,5.826510745337076951e+05,7.967771560018632044e+03,5.515918745607671703e+00
1.202020202020202078e+02,7.549550912392363955e+01,3.021205588206981041e+00,2.340732176390161001e+01,8.130601564529463254e-02,9.901472569351794650e-01,1.890583681356218015e+00,3.035851234257695097e+00,7.289358937524786452e+05,7.820385981217477238e+05,8.394460007654501169e+03,5.557560797915191309e+00,3.021212813551970910e+00,2.340717598072138728e+01,8.130610215826357401e-02,9.901482606973591727e-01,1.890586466589636139e+00,3.035850778505557734e+00,7.471257851303438656e+05,7.188962582554059336e+05,8.191914383044467286e+03,5.557560430769036941e+00
1.212121212121212182e+02,8.171769916464182870e+01,2.704201102931993450e+00,2.514246234891277609e+01,1.573974069051362057e-01,5.398688692671055334e-01,2.519191553413294038e+00,3.968106783489503631e+00,4.275202350594302989e+05,4.805933928060888429e+05,7.900517530830002215e+03,5.703323467911049605e+00,2.704192428601170928e+00,2.512020626415115032e+01,1.574015728986790374e-01,5.398363090117327401e-01,2.519238652183130256e+00,3.968172878167465445e+00,4.631514071565961349e+05,4.848576950272918330e+05,8.267225574598651292e+03,5.703334378361289758e+00
1.222222222222222285e+02,8.916903776189546704e+01,3.226524488337523255e+00,2.883019663758559403e+01,1.501840617832835845e-01,9.615382289392585546e-01,2.335914705684885462e+00,3.524827132844396527e+00,5.021882914025245118e+05,8.911729637994687073e+05,7.942227501473384109e+03,5.751692435905538581e+00,3.226522999345176945e+00,2.935818790435314796e+01,1.501835756076892459e-01,9.615379983134677566e-01,2.335923940951571076e+00,3.524843185145142499e+00,4.784094907882369589e+05,9.011263389624636620e+05,8.100946330265544930e+03,5.751709816893885829e+00
1.232323232323232389e+02,1.020769685088302481e+02,2.761319571035474318e+00,1.981402423609296903e+01,1.276890171946117314e-01,8.713718502176817093e-01,2.190041366149779289e+00,2.750138032823974843e+00,4.909484019740470103e+05,1.400455826840823865e+05,6.118345787805773398e+03,5.126882269246831214e+00,2.761540416478597493e+00,1.980827162405890363e+01,1.277061004774266428e-01,8.723553832621611104e-01,2.190627280340885719e+00,2.750410118657052205e+00,4.352310786242301692e+05,1.341331037528027082e+05,6.463481759337410040e+03,5.126999360498888159e+00
1.242424242424242493e+02,8.431762297179722054e+01,2.556508521314268201e+00,2.174285412748886870e+01,5.219008326180750446e-02,7.549713103249450219e-01,2.611072194878259367e+00,3.790371714085295718e+00,4.903825680379893165e+05,6.910582208788745338e+05,5.634402698208241418e+03,5.078917808650912136e+00,2.556543240046489807e+00,2.210502418907159594e+01,5.218919826247696292e-02,7.549677523766064047e-01,2.611082636333009521e+00,3.790291741051827756e+00,4.899149840870055486e+05,6.802797762014296604e+05,5.343925547774693769e+03,5.079016579960287103e+00
1.252525252525252597e+02,8.972600258260823125e+01,3.016940274247914999e+00,2.198666429166849667e+01,1.547362773875211317e-01,5.701848452927610333e-01,2.516092279087007277e+00,3.724890401467038981e+00,2.589751236072163738e+05,5.871791870919049252e+05,7.665808233979202669e+03,6.056962802570836857e+00,3.019430563631832154e+00,2.201632571590857523e+01,1.547429291451032918e-01,5.701814905613403761e-01,2.519352048263308497e+00,3.724867095476662282e+00,2.354170421705468325e+05,6.045842219943259843e+05,7.896545831463418835e+03,6.058027189708068860e+00
1.262626262626262701e+02,7.483088789392110129e+01,2.715952842378078547e+00,2.474631845102155481e+01,6.057778718331000706e-02,9.984758474852188925e-01,2.406669164382300607e+00,3.943957076380844917e+00,5.989605054074245272e+05,8.126995035660626600e+05,8.780104879430626170e+03,5.706010149256727892e+00,2.715940768737419742e+00,2.474658366557884648e+01,6.057799400493903835e-02,9.985170623858083960e-01,2.406604767500378106e+00,3.943713183008379808e+00,6.140596559019243577e+05,7.861689319403046975e+05,8.752672044864064446e+03,5.706082028513090876e+00
1.272727272727272805e+02,7.616987554329415389e+01,2.338975400175017150e+00,3.524924577386277491e+01,6.682419751477849945e-02,9.979386982661142547e-01,2.359029709353759774e+00,3.457062006168353019e+00,5.494533323998423293e+05,7.827384206906596664e+05,6.599828694382375943e+03,5.166663338740456801e+00,2.338860126612121171e+00,3.523055065911083972e+01,6.682169071122642801e-02,9.978907582886004102e-01,2.357890181787380524e+00,3.456973451513432050e+00,5.964639475303696236e+05,7.903210134582987521e+05,6.145352690040951529e+03,5.166459933134811777e+00
1.282828282828282909e+02,8.860875120527489912e+01,3.542158015774388602e+00,2.503403831865055551e+01,1.721037094347262486e-01,8.312062996933595738e-01,2.325443691499361254e+00,3.394056470531097602e+00,3.242748983376679244e+05,8.892413600905099884e+05,9.094692483349928807e+03,5.959423565971268211e+00,3.542233896410615479e+00,2.503304982598704598e+01,1.721025132208520436e-01,8.312208785622369200e-01,2.325571413736882587e+00,3.394048246627677123e+00,3.519234710091829766e+05,9.152492735797931673e+05,9.350449537020733260e+03,5.959456874706947183e+00
1.292929292929293013e+02,8.087741359370278360e+01,3.241871878790024475e+00,3.113148896222044115e+01,1.707858754830564874e-01,9.884963828988828638e-01,1.835023777010066359e+00,3.337767450432159055e+00,8.873632015691437991e+05,5.785773945331614232e+05,8.126024358973230846e+03,5.637680021338401737e+00,3.242191982533891625e+00,2.943212559803533779e+01,1.707922858260409182e-01,9.884538037069089400e-01,1.835079461316798666e+00,3.338126820106986248e+00,9.088655762923350558e+05,6.219426508919448825e+05,8.128270655390539105e+03,5.639345080478777916e+00
1.303030303030303116e+02,8.248893535071461258e+01,2.880134514511808241e+00,2.817218681269995528e+01,1.619010665005174432e-01,7.297643711728629690e-01,2.165228331198774558e+00,3.340631252508232674e+00,6.098695169765255414e+05,9.100621646583944093e+05,6.006728357129070901e+03,5.619654158488640583e+00,2.876149490630686589e+00,2.815219073731211807e+01,1.606854321418064169e-01,7.302180514566878333e-01,2.162034770776300796e+00,3.350756497144343982e+00,6.328297092261973303e+05,8.766780059124036925e+05,6.200035000706479877e+03,5.613773610575424122e+00
1.313131313131313220e+02,9.381895223359187241e+01,2.692101662449666311e+00,3.962332796021055259e+01,1.552949263799047463e-01,6.729507907186564886e-01,2.636502099449740566e+00,3.289914733522569801e+00,6.265496362813018495e+05,8.876500720247389982e+05,6.341354684598384665e+03,4.901892319452955782e+00,2.692111383032910421e+00,3.962263832541452047e+01,1.552999732489930562e-01,6.729470091718126046e-01,2.636469784646484626e+00,3.289950260176675467e+00,6.257129433473674580e+05,8.916305883544562384e+05,6.222493661428903579e+03,4.903716898385401812e+00
1.323232323232323324e+02,1.012871388216108528e+02,3.226743118682945166e+00,2.396760440662507108e+01,2.578783297384779072e-01,5.312329155858955820e-01,2.489230753447487121e+00,3.815059091861539464e+00,7.354185567872240208e+05,4.311480188521000091e+05,3.779329212595135232e+03,5.302679203515002548e+00,3.226787073633784697e+00,2.435255851040798092e+01,2.578831587625599608e-01,5.312308332269881639e-01,2.489262970042100065e+00,3.814997806420766580e+00,6.370863093074350618e+05,4.154534366532050772e+05,3.757235323025203797e+03,5.302654936521473239e+00
1.333333333333333428e+02,7.857793292554305253e+01,2.838881861318382605e+00,2.385626177585288943e+01,1.004491650497523758e-01,8.627015055487345929e-01,2.582523030170820633e+00,4.220899535778062983e+00,7.947195466880532913e+05,9.158999162883062381e+05,7.207945524172976548e+03,5.648198980378939638e+00,2.838772264093685216e+00,2.384976067359038510e+01,1.004476618608580035e-01,8.627522316623723597e-01,2.582622962678669865e+00,4.221466260536679727e+00,8.003874597393147415e+05,8.792715377871419769e+05,7.941367615012734859e+03,5.648175209139624897e+00
1.343434343434343532e+02,7.781072515395048583e+01,2.610703753123310378e+00,2.591006784123510442e+01,8.077340096575330586e-02,7.529288231713809898e-01,2.314308259537812607e+00,3.606227786945014557e+00,7.892473184098096099e+05,5.215939126871247427e+05,5.675107724389227769e+03,4.763446082646712654e+00,2.610701124387390770e+00,2.590973797447090732e+01,8.077339182727850952e-02,7.529236439387846369e-01,2.314289362888551693e+00,3.606239580216709761e+00,7.962804458568887785e+05,5.101854800585673656e+05,5.383528285089566452e+03,4.763281114609098310e+00
1.353535353535353636e+02,9.287255258781752332e+01,2.433000332568508117e+00,3.623627366014049045e+01,1.310698893312243207e-01,8.876150648534938403e-01,2.209400443044178264e+00,3.010150194911924704e+00,4.040150037358875852e+05,7.541976044743795646e+05,5.079879253154306753e+03,5.702579496482864663e+00,2.433015230847356047e+00,3.304484608922152233e+01,1.310624367885789010e-01,8.875979845337454988e-01,2.209394088362796271e+00,3.010160789600286879e+00,3.843520676822658861e+05,7.380020807891184231e+05,5.272878788311332755e+03,5.702561231256246366e+00
1.363636363636363740e+02,9.177017053757828080e+01,3.267165283203484094e+00,3.003630483088189251e+01,2.086432454550432303e-01,7.032417669010958550e-01,2.128975969055571404e+00,3.520754874232965737e+00,3.671254534381232806e+05,8.919928956627036678e+05,1.708650146094303409e+03,5.267065007616634098e+00,3.267222657986345258e+00,2.751874115427238365e+01,2.086237772360527987e-01,7.032418977271087668e-01,2.128957810920671712e+00,3.520853138056155185e+00,3.752457323111239239e+05,9.640720121910617454e+05,1.617252041332920953e+03,5.267023920425877748e+00
1.373737373737373844e+02,7.767751050992967521e+01,3.113074157577583101e+00,2.045068721696079805e+01,6.843973196750548216e-02,9.986152011434615838e-01,2.120186640261314537e+00,3.259623825627541827e+00,6.934507810125013348e+05,4.979588677849551314e+05,3.453431862361516323e+03,4.868959226078934499e+00,3.114244819462880898e+00,2.062965466121758595e+01,6.845616261088185994e-02,9.999992106763411215e-01,2.120186626931875651e+00,3.256350001010163364e+00,8.313053676592112752e+05,4.597403518033300643e+05,3.534841820093278329e+03,4.868864189197213754e+00
1.383838383838383947e+02,1.254212613327926249e+02,2.838921705828256759e+00,2.571782290918571334e+01,2.674734259034863837e-01,4.403538353461552979e-01,2.639757105916435087e+00,3.450531216384582045e+00,2.865594716501248186e+05,6.877360956453501713e+05,3.247516370864149394e+03,5.048770579992022611e+00,2.836585848084160144e+00,2.644038262031998343e+01,2.684089670236869951e-01,4.393239628360952609e-01,2.663876428855784351e+00,3.489154607643719874e+00,2.944095348762273788e+05,6.862283446680700872e+05,3.220423316785786028e+03,5.097653885071692592e+00
1.393939393939394051e+02,9.568072387461515405e+01,2.374785003528007810e+00,3.606172381955577322e+01,7.350141410645501250e-02,9.992608406497984763e-01,2.111596689378465896e+00,3.377851234491735966e+00,5.268296297667957842e+05,4.332414875135620241e+05,5.751048518521910410e+03,4.015626957533627639e+00,2.375528869503522156e+00,3.606500705583844990e+01,7.349167476054101200e-02,9.999999923190614481e-01,2.111637257392771083e+00,3.377858113981017318e+00,5.290249883600511821e+05,4.048727945931225549e+05,6.724770971434260900e+03,4.015731282330229135e+00
1.404040404040404155e+02,8.946492261286988423e+01,3.331929776861064507e+00,2.672318485427117807e+01,2.281069387856392294e-01,7.188426394668150365e-01,2.314552134819681584e+00,3.503492062820116715e+00,6.933089426859908272e+05,8.896922247310050298e+05,6.356926534361113227e+03,5.818372192015661248e+00,3.332469368091133699e+00,2.668340799374224304e+01,2.281581105415032007e-01,7.188194348189507199e-01,2.314576886552360602e+00,3.503048818923367058e+00,6.965183537225547479e+05,8.693729190648744116e+05,6.772300080426343811e+03,5.817468053871240663e+00
1.414141414141414259e+02,9.512916481733475393e+01,2.982418647919446997e+00,2.598730002209161682e+01,1.567391622224203473e-01,6.784105431840771194e-01,2.736532333353725033e+00,3.885278534291260133e+00,1.524147340183102351e+05,4.897182960851829266e+05,2.159776469666844150e+03,5.232229614394270811e+00,2.982980140404694502e+00,2.599813962488994079e+01,1.566706696500759499e-01,6.784478108307382405e-01,2.736520146746816984e+00,3.884884494762565588e+00,1.545068775977506302e+05,5.847573417309864890e+05,2.391171720734526843e+03,5.231455571594056053e+00
1.424242424242424363e+02,8.581301382784057807e+01,2.855750623618091399e+00,2.776171623233962649e+01,1.722550054801942065e-01,5.671479979335196653e-01,2.366994304750154487e+00,3.698862019341205176e+00,6.061872810639271047e+05,7.191295345246854704e+05,7.710243650233825065e+03,5.596932156606265529e+00,2.856396498813983609e+00,2.787571892417822284e+01,1.717550651889450664e-01,5.670373779741550990e-01,2.367459075810603331e+00,3.696368700879417268e+00,6.313438138103103265e+05,7.379477033959606197e+05,8.194448233440300100e+03,5.597094465760880766e+00
1.434343434343434467e+02,8.557989094812728581e+01,2.834630379576269288e+00,2.130998515700708040e+01,1.296539794850175842e-01,5.088422387578146466e-01,2.507172281395288138e+00,3.813968988504697677e+00,5.759213236496102763e+05,6.980272208485828014e+05,3.482387398386049881e+03,5.113204902689632014e+00,2.836066016484902086e+00,2.135830788774278588e+01,1.296532274684228103e-01,5.089190474215646853e-01,2.507121278902430639e+00,3.815231732824658106e+00,5.928478773760319455e+05,6.491933978513912298e+05,3.671039488447451276e+03,5.118138755985511601e+00
1.444444444444444571e+02,8.392569032551561747e+01,3.484809757898735150e+00,2.497178184592280559e+01,1.583637944418627985e-01,8.702705136055872703e-01,2.523794933221215064e+00,3.960354392138889512e+00,7.262028051903753076e+05,8.405379329895863775e+05,5.525373526102429423e+03,5.400356074011699370e+00,3.490128687824391118e+00,2.502908551008813021e+01,1.583263436930547607e-01,8.691024965385454326e-01,2.523625123271461046e+00,3.944995997615024397e+00,7.235561308213718003e+05,8.039038137085752096e+05,5.404847136735381355e+03,5.405271087634263338e+00
1.454545454545454675e+02,8.242196470737731318e+01,3.242235030070894197e+00,2.662185140766546709e+01,2.216089478933167267e-01,4.756389323531745039e-01,1.745588043547592116e+00,2.800289531827171441e+00,6.851276265397672541e+05,4.428337227549352101e+05,4.953667016207605229e+03,5.052561585743595707e+00,3.242221122875014405e+00,2.665361841802683074e+01,2.216140427830103621e-01,4.756203684867838510e-01,1.745626068012088306e+00,2.800641077142485003e+00,7.195389308340019779e+05,3.919788237612815574e+05,5.369777525471230547e+03,5.052561520033616915e+00
1.464646464646464779e+02,7.712864101648138160e+01,2.922611313340148786e+00,1.998424568613092589e+01,1.560260104034874307e-01,3.105876105983570445e-01,2.108879775101367038e+00,3.592385891428828693e+00,2.759161950776382000e+05,9.591690836838018149e+05,6.165114989830660306e+03,6.274674005393349852e+00,2.922630542378145346e+00,1.998437528741468938e+01,1.560264660576440032e-01,3.105868819152100557e-01,2.108872486566164994e+00,3.592461380447253827e+00,2.718802757886326290e+05,8.814543046640673419e+05,6.150606958988098995e+03,6.274676791119436103e+00
1.474747474747474882e+02,1.271000888479473190e+02,3.076523626583624882e+00,2.998667270153429953e+01,2.518082728241246571e-01,5.505437645115826006e-01,3.177830370961383544e+00,3.849257179849492783e+00,2.913548320979321725e+05,8.805533326880447567e+05,2.904099731844847156e+03,5.539085133807382988e+00,3.076619504035625674e+00,3.035201403689560351e+01,2.518079335242836003e-01,5.505428964491165811e-01,3.177805777507970664e+00,3.849287010871648373e+00,2.840599127656620112e+05,8.965487247731396928e+05,2.911849024650964111e+03,5.539099253482775431e+00
1.484848484848484986e+02,9.301271055465579707e+01,3.045682846820038758e+00,2.501058544801798789e+01,1.509681861142019854e-01,4.973921161234960420e-01,2.490348705237328097e+00,3.680325244053656686e+00,3.625322555695119081e+05,3.322276079778506537e+05,6.156863073657337736e+03,4.893986297637184180e+00,3.045704788975260868e+00,2.501050056733226867e+01,1.509667527499333473e-01,4.973898444837165922e-01,2.490429718999016551e+00,3.680311694539967871e+00,3.476305639441387611e+05,3.205013224242935539e+05,5.874319301859827647e+03,4.893988455220976697e+00
1.494949494949494806e+02,7.663668579979857043e+01,2.049085960240526028e+00,2.628261698224785903e+01,9.961998529518326095e-02,6.274047090494137002e-01,2.168805008133809498e+00,3.447487159410512980e+00,8.802184492948985426e+05,8.365258891333220527e+05,8.658398977470367754e+03,5.921212895422665490e+00,2.049256137355302876e+00,2.629310181363612742e+01,9.962238174399161428e-02,6.279738464984044866e-01,2.165627060923868807e+00,3.448397500575077324e+00,8.800017013300667750e+05,8.200429247676884988e+05,8.816292518658921836e+03,5.918778749632869207e+00
1.505050505050505194e+02,8.174927925772999515e+01,3.114605990212247821e+00,2.442569333670632759e+01,1.412966107776081615e-01,8.995133298397324229e-01,2.136658422152454495e+00,3.990448011753397140e+00,3.345919918726568576e+05,9.640879712790814228e+05,9.310400424696716755e+02,5.457698172993743491e+00,3.114625469180845041e+00,2.425121265037134677e+01,1.412966113855431138e-01,8.995234225966183272e-01,2.136638831374023439e+00,3.990412721225618409e+00,3.171100765772763407e+05,9.330951131452446571e+05,8.890073399337449018e+02,5.457955197107631662e+00
1.515151515151515014e+02,9.256287578469104460e+01,2.587687675753675975e+00,2.614281472439281728e+01,1.383215824384692871e-01,4.361080064521476451e-01,2.483690482385239484e+00,3.272410169541224434e+00,3.329902937948253239e+05,8.346673569375192164e+04,8.896842904625053052e+03,4.416911538892903444e+00,2.587709074905263140e+00,2.607543719439777163e+01,1.383279771563520610e-01,4.360863283495511333e-01,2.483606755816156308e+00,3.272299543726805204e+00,3.568014180479273200e+05,7.976139677085938456e+04,8.336801940455818112e+03,4.417116385235882348e+00
1.525252525252525402e+02,7.791059066535019895e+01,3.164652545313932031e+00,2.033527877454378441e+01,1.211914961681564984e-01,4.736463466758015217e-01,2.423670578654550489e+00,4.048901797793432955e+00,9.405751269986589905e+05,7.587987013277827064e+05,8.226650552357885317e+03,5.283182961317428372e+00,3.164651108973616900e+00,2.033518463925489428e+01,1.211915005135560525e-01,4.736460556745498707e-01,2.423673794200166931e+00,4.048901418058269641e+00,9.343908370787700405e+05,8.129340814045484876e+05,8.276506475438287453e+03,5.283191243150508143e+00
1.535353535353535221e+02,7.701136845228427319e+01,2.648701621060204126e+00,2.121228037828951329e+01,1.104560499905392623e-01,4.128108971848118980e-01,1.833530676766414347e+00,3.128128169200913078e+00,5.525836511564449174e+05,7.521209893744311994e+05,4.777796557588853830e+03,5.379737253196390512e+00,2.648710035616595349e+00,2.133462362859120631e+01,1.104559552309156562e-01,4.128031944496312611e-01,1.833587485462682132e+00,3.128120190557773128e+00,5.380355151299049612e+05,6.692949764418096747e+05,4.693517529966129587e+03,5.379472050940722561e+00
1.545454545454545610e+02,1.938792413174775788e+02,3.245237655300558188e+00,2.746837608037524348e+01,2.313750256111206105e-01,4.293052218915340834e-01,4.460472443037981627e+00,3.996863819704822962e+00,4.678521319958210806e+05,4.459137339058365324e+05,5.794854867081110569e+03,4.377705237882484113e+00,3.246002513623861940e+00,2.757990859529596506e+01,2.313927845910919712e-01,4.292361613498177908e-01,4.461854027632481845e+00,3.996992633484042212e+00,4.385227902801819146e+05,4.554954317330839112e+05,5.808611763907109889e+03,4.372295154266453210e+00
1.555555555555555429e+02,7.493292092075748201e+01,2.418068358636171755e+00,2.636333426880115383e+01,7.073646883016629361e-02,8.640728415585979816e-01,1.703319904450544042e+00,2.900493645965473988e+00,4.806799434388718801e+05,8.373341201163578080e+05,4.995134054665332769e+03,5.724865511991945155e+00,2.418064953159736241e+00,2.636349170109195228e+01,7.073650426552791082e-02,8.640741477427098527e-01,1.703323256871961178e+00,2.900487083590117088e+00,4.624041238444303162e+05,8.559249175084037706e+05,5.225923214746600024e+03,5.724869186923224440e+00
1.565656565656565817e+02,1.377804843085857840e+02,3.127417127151262299e+00,1.405678513592826384e+01,1.986046888923927445e-01,6.100547162403425761e-01,2.774794998452009498e+00,2.815434445868408631e+00,6.087255504889794393e+05,5.316019652081824606e+05,8.076692091342278218e+03,5.641490304508161913e+00,3.134683786056823962e+00,1.404866675631508777e+01,1.986111104015113316e-01,6.100373553676364802e-01,2.774570842715567309e+00,2.815014078896013405e+00,5.932675842204199871e+05,5.371739838125383249e+05,7.785185934308740798e+03,5.641444175737263755e+00
1.575757575757575637e+02,1.204594634295841615e+02,2.832453527340898169e+00,2.541333591932544067e+01,1.581913985668277622e-01,5.969366285248134396e-01,3.284206791901081779e+00,3.556310958999008509e+00,7.646840441498581786e+05,3.888500189661873737e+05,5.440118992918173717e+03,4.514255089663132381e+00,2.832234779668594271e+00,2.553059708368641267e+01,1.581967292458685281e-01,5.969548834350087985e-01,3.284206654998430341e+00,3.557259570548395367e+00,7.618428620549278567e+05,3.623011867899058852e+05,5.627952676395212620e+03,4.516149357037241963e+00
1.585858585858586025e+02,7.337470460455763543e+01,2.599154302833542207e+00,2.278853890734840704e+01,7.742013750568933761e-02,6.929229849091361748e-01,2.126720000563917967e+00,3.485258216718307267e+00,9.664544604241449852e+05,8.659944005988698918e+05,9.778065633070174954e+03,5.452058910875043019e+00,2.599154250552124790e+00,2.278872993780240463e+01,7.742093711526168431e-02,6.929233464263667708e-01,2.126736148904113222e+00,3.485240329596871689e+00,9.693006566385703627e+05,8.064037252060192404e+05,9.300260816251120559e+03,5.451979801512909063e+00
1.595959595959595845e+02,1.282045561598378640e+02,2.933604027475104736e+00,3.983762156686429279e+01,3.183626569210619706e-01,5.535001415572994299e-01,2.818637683527311033e+00,3.474985781335996116e+00,3.966124753782188636e+05,8.483572981425978942e+05,3.113071190441125509e+03,5.319469980715691548e+00,2.933594254782728949e+00,3.997483927299354178e+01,3.182828579287297899e-01,5.531715791056386333e-01,2.818599146588752102e+00,3.479185406033957317e+00,4.023245429005204933e+05,8.470507557194775436e+05,2.984253381469953638e+03,5.319800362384925485e+00
1.606060606060606233e+02,7.519320621119169346e+01,2.758687678114332353e+00,2.677857220252186821e+01,1.349710854207611943e-01,6.389008410902872193e-01,2.351677280173346762e+00,3.560740130017364002e+00,3.699846002382840379e+05,4.884226742445112322e+05,9.398486334307937796e+03,5.627792052265164102e+00,2.758756145718811670e+00,2.678308009606983475e+01,1.349690835178958548e-01,6.388777575615492976e-01,2.351854343947979320e+00,3.560790880240233935e+00,3.735590130558155943e+05,4.942054711074552033e+05,9.438258497194852680e+03,5.627897622556110591e+00
1.616161616161616053e+02,8.068110407898520009e+01,2.460359411129176443e+00,1.912410874765599189e+01,5.118219401285545832e-03,9.994314195534770295e-01,2.481002231687449822e+00,3.524156460943565161e+00,5.314140795045050327e+05,9.525273530139504001e+05,5.739044306110645266e+03,5.478560431425139043e+00,2.460354406482011758e+00,1.912418001731403905e+01,5.118265859166246275e-03,9.994314268906036025e-01,2.481000223096839985e+00,3.524153435351070396e+00,5.067890100579098798e+05,8.653930581982306903e+05,5.850966175763060164e+03,5.478581929036307585e+00
1.626262626262626441e+02,1.835145335800741293e+02,3.319784295552867359e+00,2.365194494190029317e+01,2.692194951306793316e-01,5.016346811111214166e-01,3.713794240511056000e+00,3.248572620090731888e+00,3.957736358028911636e+05,8.774978079802255379e+05,3.759575463924138148e+03,5.134394065837720511e+00,3.319918179054451191e+00,2.420863700737637814e+01,2.691954214224157038e-01,5.016261903630572228e-01,3.713406771698820386e+00,3.248570457835469050e+00,4.151407738524935558e+05,9.389862657173258485e+05,3.797172831866862907e+03,5.137769267451859356e+00
1.636363636363636260e+02,8.833159910653617430e+01,3.205438414958155846e+00,3.475959335247963367e+01,2.014237638627190963e-01,6.195739365056065484e-01,1.963591185155763919e+00,3.234047548814209971e+00,4.163970629051238648e+05,4.461421740941973403e+05,5.636716007386894489e+03,4.891221024478588753e+00,3.205440048167433442e+00,3.475586935272958300e+01,2.014237938743158873e-01,6.195740061753278738e-01,1.963591140070849894e+00,3.234047446805138559e+00,4.383227810080638155e+05,4.352635959841842414e+05,5.623693357786478373e+03,4.891219903153023019e+00
1.646464646464646648e+02,1.010663288294742017e+02,2.610019105283008845e+00,2.663066539593523885e+01,1.981043846407427589e-01,4.278005449262834436e-01,2.660014099487734818e+00,3.385499789584192953e+00,4.028674694817611598e+05,8.548163775172360474e+05,5.108656190398536637e+03,5.690629089748691527e+00,2.610019860685965920e+00,2.644402414300290616e+01,1.981043742405776131e-01,4.278056705125274917e-01,2.660014110512385788e+00,3.385490967479407143e+00,3.796259408167073270e+05,8.533389814498701598e+05,5.425407780611835733e+03,5.715608659216315779e+00
1.656565656565656468e+02,1.204374181982386744e+02,3.012320228461738303e+00,2.016313792018253537e+01,1.417826027110135334e-01,5.235056509356965648e-01,3.325957881720679854e+00,3.718534955790036012e+00,3.433734920199234621e+05,8.714966184847144177e+05,4.514466034897732243e+03,5.232582810807500096e+00,3.012337928379547058e+00,2.016284633726474596e+01,1.417815775459370653e-01,5.235077256954087099e-01,3.325957871814382294e+00,3.718531631633534396e+00,3.322482758377513965e+05,8.099742240649019368e+05,4.756505881104892978e+03,5.232652632253817160e+00
1.666666666666666856e+02,8.769694418638698608e+01,2.755908070412318889e+00,2.923553588029220052e+01,9.932174764464574146e-02,9.999999954049700879e-01,2.697957887456287729e+00,3.741572305871580184e+00,4.654736837060619146e+05,2.825587733124680235e+05,7.086508693271306583e+03,4.970874053706409335e+00,2.753187912500180801e+00,2.947084294949042160e+01,9.934020667921790448e-02,9.974021927531552256e-01,2.698410450282124451e+00,3.743148013004744978e+00,4.530717075596394134e+05,2.880189900275349501e+05,7.389962983130210887e+03,4.967137347482385223e+00
1.676767676767676676e+02,7.717092442967425825e+01,2.882915732622911342e+00,1.998170720694264801e+01,6.612738739013687694e-02,8.542222958490440776e-01,2.531240348455472411e+00,4.346789793715831962e+00,5.106195336229834356e+05,5.756917004304843722e+05,9.023112797188447075e+03,5.971295576761018076e+00,2.882916373655550757e+00,1.998170880097540802e+01,6.612735610689297883e-02,8.542223079025274002e-01,2.531236526182744750e+00,4.346789115124752634e+00,4.914858537020632066e+05,5.766361182797715301e+05,8.808067089193789798e+03,5.971292712913458089e+00
1.686868686868687064e+02,1.442425400931163608e+02,3.121529355811876627e+00,1.521948857610017569e+01,2.324309410819620503e-01,5.609469628752509207e-01,2.685320771283840724e+00,2.687628674060214884e+00,5.946882130000601755e+05,7.204748390841267537e+05,4.196445190193601775e+03,5.653755228641389685e+00,3.121541953806071135e+00,1.511917848633321171e+01,2.324160339419606425e-01,5.609926419161818112e-01,2.685291172642951363e+00,2.687687517947782379e+00,5.697369610979249701e+05,7.148562321244833292e+05,4.027300369685257920e+03,5.653748081223927358e+00
1.696969696969696884e+02,8.514938127613204699e+01,2.919186440238094260e+00,2.649901452846524919e+01,1.195589763380333764e-01,7.977453649086936327e-01,2.441413489890400523e+00,3.641023816975271110e+00,4.078127805229195510e+05,2.735965892954571755e+05,6.175281512442023086e+03,4.956200102534279672e+00,2.919179470549775335e+00,2.649904008771934727e+01,1.195590011634387329e-01,7.977447363918273027e-01,2.441413439105771577e+00,3.641024377677133828e+00,3.885496372432464268e+05,2.587624534760173992e+05,6.337330362910425720e+03,4.956189373477736915e+00
1.707070707070707272e+02,1.449540489673596539e+02,2.954831407375944519e+00,3.436833906602536359e+01,3.426915512639836514e-01,3.698558785355746670e-01,2.930611133337849949e+00,3.501884447989958016e+00,5.020100988007020205e+05,7.175125125485283788e+05,5.604461002741459197e+03,5.745122384005107996e+00,2.955553475506672356e+00,3.459494049789920211e+01,3.425999627567820616e-01,3.698559088681943052e-01,2.930607573367607355e+00,3.498547498273454348e+00,4.932976269420808530e+05,6.720210023435502080e+05,5.349895091411183785e+03,5.745150367755391230e+00
1.717171717171717091e+02,8.009083937505447182e+01,3.135489855401741188e+00,2.374083396627946740e+01,1.341588741823121489e-01,8.296102433271311805e-01,1.909685498897544464e+00,3.416762155746976948e+00,7.037129257526537403e+05,6.830378605539235286e+05,3.875939626511839833e+03,5.469349891654921691e+00,3.135127131977847537e+00,2.295065218204003088e+01,1.341518099970092637e-01,8.296004529764712254e-01,1.909469658212684884e+00,3.416706550266920051e+00,6.752597063854504377e+05,6.769744616070715711e+05,4.025683842270077093e+03,5.469356918716901994e+00
1.727272727272727479e+02,1.004554986979275100e+02,2.860033493344584787e+00,2.355114224720590954e+01,1.554848350114341748e-01,8.290386760773679198e-01,2.466247804014514600e+00,3.177321991666082202e+00,4.312563587384698330e+05,6.592886931029454572e+05,4.233267894312650242e+03,5.552855482051724856e+00,2.858904227822097077e+00,2.272861441335669852e+01,1.557897751908643713e-01,8.330678398209814262e-01,2.468475295910199208e+00,3.158395747192864533e+00,4.165597428701979807e+05,6.547800701252720319e+05,4.542174946241372709e+03,5.523063320967986023e+00
1.737373737373737299e+02,7.992852965564932788e+01,2.605483655323090009e+00,2.491650097006551334e+01,4.163820989222989655e-02,9.996163321007529579e-01,2.448193201648476869e+00,4.151708413404954889e+00,3.858794752220853698e+05,8.309502279611638514e+05,6.133453891118230786e+03,5.688881303454726535e+00,2.605720459435436620e+00,2.491352954323327040e+01,4.163747402696492406e-02,9.996194734193187825e-01,2.448211605721518858e+00,4.151775614142492188e+00,3.699958294331368525e+05,7.949580499482587911e+05,5.686548807803328600e+03,5.688892564611308877e+00
1.747474747474747687e+02,8.597820699513790998e+01,2.688070354220108094e+00,2.259246764059548696e+01,8.859000090624020995e-02,7.510087855004260460e-01,2.394616803298401209e+00,3.106875035045812528e+00,6.406299616506912280e+05,6.562547709744296735e+05,7.409180402277363100e+03,5.154964820622415900e+00,2.692349108181794737e+00,2.259276833173963794e+01,8.862089120923290209e-02,7.515529807769787407e-01,2.394289076928460158e+00,3.106658263972542411e+00,6.586371440050298115e+05,6.820214220050026197e+05,7.303194437808691873e+03,5.160387124033485762e+00
1.757575757575757507e+02,8.494882815756784566e+01,3.138515422606047434e+00,3.269193628239771243e+01,2.106809557853404624e-01,7.514717347550435855e-01,2.121071615616547223e+00,3.567126101725723863e+00,1.974876141366065713e+05,8.277201806999666151e+05,6.837466439884215106e+03,6.404842752175661680e+00,3.142594882189071903e+00,3.249504576477099249e+01,2.092986999483708310e-01,7.540115470811793452e-01,2.103694924947861367e+00,3.602975785993823177e+00,1.886833930323128880e+05,8.852175167984913569e+05,6.621192882238694438e+03,6.400776709093326744e+00
1.767676767676767895e+02,1.205264831802811898e+02,2.875749314437662907e+00,3.275266741048662311e+01,2.195198951491521000e-01,5.114624557833508112e-01,3.051871804404586719e+00,3.592282489913419585e+00,8.103501804806049913e+05,6.497412284681440797e+05,6.585894048392068726e+03,4.998654146916098995e+00,2.875718059695790085e+00,3.275482144241563986e+01,2.195198991442127712e-01,5.114625528860464732e-01,3.051899426612589394e+00,3.592297012906229270e+00,7.836294714472073829e+05,6.802532644127375679e+05,6.021593754671774150e+03,4.998655862302340047e+00
1.777777777777777715e+02,9.442007045622581529e+01,2.475978117066262030e+00,2.850861692348305709e+01,4.295363707536989373e-02,9.993277237229680754e-01,2.331692826446534195e+00,3.249240930217609957e+00,6.039894842091446044e+05,9.284499645646099234e+05,5.004686273357270693e+03,4.343175331189938149e+00,2.478611131559410818e+00,2.842013602494117919e+01,4.312739547338097224e-02,1.000000000000000000e+00,2.350788080683713588e+00,3.248488849816385748e+00,6.112633775055713486e+05,9.470267017954933690e+05,4.974288152959812578e+03,4.338057418415892208e+00
1.787878787878788103e+02,8.473809018577023267e+01,3.159196805748867742e+00,3.601638109334860616e+01,1.470383075612916590e-01,9.999891505332354491e-01,2.073358072474415614e+00,3.320800712616724049e+00,5.536497239681723295e+05,8.203448846211883938e+05,7.661081099813448418e+03,5.298649094469054965e+00,3.159196519542325721e+00,3.595774176846352077e+01,1.470383073257122974e-01,9.999892655453914703e-01,2.073356447023504412e+00,3.320797966200924822e+00,5.803005152732310817e+05,7.654082195293350378e+05,7.440394252571361903e+03,5.298646160109633740e+00
1.797979797979797922e+02,8.287533898658931264e+01,2.933496682452855886e+00,2.907492989070191669e+01,1.188810177716295435e-01,9.449713903050486197e-01,2.433556224741284080e+00,4.020914396868448648e+00,2.585761960164751217e+05,4.097906918442357564e+05,7.537735893105928881e+03,5.794634503272305004e+00,2.933496580635760242e+00,2.909902388675813256e+01,1.188705631397717899e-01,9.454952689705302671e-01,2.435309612307162475e+00,4.023806424429118955e+00,2.503554500497506524e+05,4.433269356606368674e+05,8.286062021206287682e+03,5.796571162461535920e+00
1.808080808080808310e+02,7.538560695696770608e+01,2.405530244597697820e+00,4.362632995532545976e+01,1.016752353474420223e-01,9.961986848082267088e-01,1.915205611923761486e+00,2.907498579813474482e+00,3.851054113285807543e+05,2.343106754329257528e+05,5.150084679487149515e+03,4.791063667400935699e+00,2.405531613705161220e+00,4.362623262020922965e+01,1.016752210900109671e-01,9.962002485873451274e-01,1.915205168019561421e+00,2.907494059621827276e+00,4.530394427815747913e+05,2.446595207424890832e+05,4.860594595693255542e+03,4.791045058116469413e+00
1.818181818181818130e+02,7.624307662158858534e+01,2.405168390499091480e+00,2.846545905274988897e+01,4.156643124627485558e-02,9.786325623439572352e-01,2.405826931864144314e+00,4.059193878896353525e+00,6.299762635878901929e+05,5.606289345841138856e+05,4.970964931708741460e+03,5.000933873109016048e+00,2.405145147135874240e+00,2.863605819260316920e+01,4.154206396945661628e-02,9.786358930524563515e-01,2.405854729344902854e+00,4.059167939455044838e+00,6.419516616243897006e+05,5.399072559544256655e+05,4.952044332419824059e+03,5.000927977663479851e+00
1.828282828282828518e+02,7.888442271260946370e+01,2.799231271878989347e+00,2.869926430917908178e+01,1.327844341545327267e-01,8.871014638832711574e-01,2.320780452921917369e+00,3.566561727318386499e+00,8.316841107897552429e+05,6.072495642473578919e+05,5.486187429297307972e+03,5.271912053098283479e+00,2.799231019761529105e+00,2.848630069092142492e+01,1.327840103220180312e-01,8.871014637866900809e-01,2.320787496151756724e+00,3.566561644177511869e+00,8.198945415727487998e+05,6.456489689736735309e+05,5.504489976389342701e+03,5.271916518318736422e+00
1.838383838383838338e+02,8.395181775636055477e+01,3.298559890635886394e+00,2.227774539011275223e+01,1.081510635738951315e-01,6.476969465159165829e-01,1.764465818734423985e+00,2.622825755627963940e+00,4.503273785815133015e+05,7.967903361026156927e+05,4.790740372219514029e+03,5.001571842727474682e+00,3.298555658333981455e+00,2.227765389505699289e+01,1.081510635589680164e-01,6.476988462214549047e-01,1.764466061530869601e+00,2.622819323557725291e+00,4.875072866162257851e+05,8.310341459485291271e+05,4.941714580851809842e+03,5.001568016357341051e+00
1.848484848484848726e+02,7.190130242054921439e+01,3.282746868106123816e+00,1.693882461450873933e+01,6.233167104134090808e-02,6.933469805234062644e-01,1.795822742203795341e+00,3.124427345331467265e+00,5.351294831782669062e+05,7.045814572240654379e+05,8.649986472748725646e+03,5.986890163865443704e+00,3.282787823496200019e+00,1.693948111428769820e+01,6.233138062816818981e-02,6.933476362777705182e-01,1.795820901680743154e+00,3.123835588385831308e+00,5.185630840852354304e+05,7.044167468141228892e+05,8.457480531220373450e+03,5.987462091075035353e+00
1.858585858585858546e+02,7.550910828144647269e+01,2.227850818195873828e+00,2.676469911044678440e+01,5.239478410505912093e-02,8.506971007715939948e-01,2.513921947578447114e+00,4.170249258037562079e+00,6.860090064334054478e+05,9.843800986092670355e+05,7.511248908565581587e+03,5.692463740242311943e+00,2.227854909859155352e+00,2.676460278763541467e+01,5.239470575221454735e-02,8.506983454339013262e-01,2.513915256317725166e+00,4.170239474453202533e+00,6.765873179670380196e+05,9.777256749124873895e+05,7.740479623001589971e+03,5.692499814640637368e+00
1.868686868686868934e+02,7.241120786197558346e+01,2.450313651719028485e+00,2.582559671612086305e+01,8.442662080967572313e-02,7.604837522750066414e-01,2.084136231880511225e+00,3.297578364192619294e+00,4.844201586858083028e+05,7.596483174629975110e+05,5.533736325902653334e+03,5.446398189338254703e+00,2.450313519349122782e+00,2.582560726971604481e+01,8.442662557927725631e-02,7.604838431617808592e-01,2.084136622596324706e+00,3.297579423119278097e+00,5.262753115042529535e+05,7.527731020842937287e+05,5.321069753699215653e+03,5.446399977189978259e+00
1.878787878787878753e+02,8.228695155445865339e+01,2.443520204176357069e+00,2.652989360426397525e+01,9.568419642427146432e-02,7.315056506373094347e-01,2.161504356711367869e+00,3.917641701920003161e+00,8.703654890405456536e+05,7.111688498373283073e+05,4.620711949220641145e+03,5.276584458656648380e+00,2.443538959826572210e+00,2.694905938610445872e+01,9.569358587559850804e-02,7.315038138236511500e-01,2.161532986319242067e+00,3.917231380450771905e+00,9.139981050594208064e+05,7.025899460964970058e+05,4.489535530474056031e+03,5.276701440582217906e+00
1.888888888888889142e+02,8.808041619573188541e+01,2.865971944143542505e+00,2.429818440241888666e+01,1.950098014552590076e-01,5.247216690487750412e-01,2.282258684739614907e+00,3.274323382326075116e+00,4.778919526950547588e+05,6.419393559208653169e+05,5.862801706056881812e+03,5.721042272352324431e+00,2.864521371703931507e+00,2.428443373660148907e+01,1.949880668895016544e-01,5.240444010311463563e-01,2.290588679242608450e+00,3.274383767997607997e+00,4.771671092510811286e+05,6.816491326250398997e+05,6.706134645551352151e+03,5.720953741047947183e+00
1.898989898989898961e+02,7.888915689271523490e+01,2.071720776104658768e+00,2.985731464589489548e+01,3.283273626764764835e-02,9.529639595133735375e-01,2.317408336554611648e+00,3.446151964731121176e+00,8.008216111906049773e+05,6.360798652110913536e+05,4.864490389527698426e+03,4.840160839100612122e+00,2.071707189299000884e+00,2.985738640963669255e+01,3.283284075605402696e-02,9.529623250492804676e-01,2.317434858285958299e+00,3.446163019106333270e+00,8.308737970503559336e+05,6.283717931909217732e+05,4.914692851634794351e+03,4.840163550190270669e+00
1.909090909090909349e+02,9.865247204061697062e+01,2.465535531141666681e+00,2.660878382198603731e+01,4.787057979338876085e-02,9.999763972951336566e-01,2.572330972763158918e+00,4.099013380938623108e+00,5.819927289506696397e+05,6.791413583956295624e+05,5.517895951606734343e+03,3.682714173765545329e+00,2.465155919720982691e+00,2.660925404140443717e+01,4.787216513443740690e-02,9.987290064969013281e-01,2.573165506566571281e+00,4.099012608358081344e+00,5.853422243694685167e+05,6.803067974976428086e+05,5.420596104183162424e+03,3.682599138088062940e+00
1.919191919191919169e+02,1.003894492869586657e+02,3.241827450678151923e+00,2.477174124437454950e+01,2.989541976263134782e-01,3.791096662727347910e-01,2.269924978707400509e+00,3.568062262240149440e+00,4.601823087858983199e+05,6.969833876024319325e+05,6.459042552399839224e+03,6.198068915213889696e+00,3.248736397324463621e+00,2.493744930024781681e+01,3.000608930442977274e-01,3.792990111490192051e-01,2.251047553284356351e+00,3.557102013208440106e+00,4.245649993614696432e+05,6.715665562423360534e+05,7.495937490028733009e+03,6.203682724559513417e+00
1.929292929292929557e+02,8.281134723844800760e+01,2.691248790505188282e+00,2.752100336804318559e+01,9.427816175455770720e-02,7.391627162301632747e-01,2.492228771920315999e+00,3.798068112783858030e+00,2.008547345400420600e+05,7.303266360250806902e+05,1.542915386235602455e+03,4.841019414110311558e+00,2.691253140317747317e+00,2.729453435498657043e+01,9.427815666684273566e-02,7.391651980905542541e-01,2.492226867833594373e+00,3.798060144927665416e+00,2.287652742013312818e+05,7.365253085560569307e+05,1.503778236565803127e+03,4.841015783092658786e+00
1.939393939393939377e+02,1.022284074210005542e+02,2.686372863417938017e+00,2.622477147459308000e+01,1.308822212581960687e-01,7.446167622552576359e-01,2.814408991588683406e+00,3.032676418940930319e+00,6.111874303718525916e+05,6.556549479394403752e+05,4.034040604947036627e+03,4.784676676876912005e+00,2.686371701264960610e+00,2.624058250135875525e+01,1.308819734305224358e-01,7.446199007577928297e-01,2.814472690225078289e+00,3.032790838734668704e+00,6.367864206863847794e+05,6.499577165506955935e+05,4.000760457205654347e+03,4.776916195863994297e+00
1.949494949494949765e+02,9.381549575922042550e+01,3.080602296458394118e+00,2.669346756155340472e+01,1.668484695786940364e-01,5.801154053244753639e-01,2.317169958225651971e+00,2.856928652718357498e+00,3.274304298495971598e+05,7.364977703589225421e+05,3.995964789065135847e+03,5.075556294513426714e+00,3.081176614244172995e+00,2.695279702806569233e+01,1.668453513303130853e-01,5.801017538960613340e-01,2.317125015520907105e+00,2.856975681038996129e+00,3.279819962958853575e+05,7.791931101159275277e+05,4.577455087242159607e+03,5.075726168988578202e+00
1.959595959595959584e+02,8.064018313338884525e+01,2.853553411106347859e+00,3.228566788111822916e+01,1.197496071605451545e-01,9.871209415322633740e-01,2.291138476933982204e+00,4.265836743683529164e+00,5.475060034997824114e+05,4.815822659609966795e+05,6.267114946602722739e+03,5.502044105652148964e+00,2.853550062044876601e+00,3.228567919525302443e+01,1.197499204343160373e-01,9.871194397903888529e-01,2.291140947056264032e+00,4.265842453320729533e+00,5.750989729820821667e+05,5.104453345478792908e+05,6.183560058755471800e+03,5.502037900874773513e+00
1.969696969696969688e+02,1.519199574329784355e+02,3.251438389397755202e+00,3.419316788944551178e+01,2.728777324671918803e-01,3.749288472217348622e-01,3.351135155497948048e+00,3.576775228120155248e+00,8.065356794578463305e+05,2.143250522485691763e+05,9.413145321254758528e+03,4.285159909039348847e+00,3.275528960949165125e+00,3.830089126309936631e+01,2.728079800380989739e-01,3.738543103730760930e-01,3.353109631841224125e+00,3.581570217510460008e+00,7.702776597342854366e+05,2.229896061238573166e+05,9.090111844278411809e+03,4.281630558045212531e+00
1.979797979797979792e+02,8.394051954667220627e+01,2.887406328413699708e+00,2.498950549824825274e+01,9.840916305420073507e-02,7.664485992015065419e-01,2.710203467695748270e+00,4.213939159120477562e+00,4.204771026842470746e+05,8.468398621457163244e+05,7.036365847529697021e+03,5.457564127671207466e+00,2.887455953285507970e+00,2.498944048371381044e+01,9.840893780927818801e-02,7.664412456771654281e-01,2.710173155373759357e+00,4.213950962003482736e+00,4.179252079357503098e+05,8.570988899580026045e+05,6.751434981478166264e+03,5.457556645256302907e+00
1.989898989898989896e+02,9.204987766107356606e+01,3.277382887075809492e+00,2.952684901681615415e+01,2.487120537315783975e-01,7.706219945763641554e-01,2.260578455386065055e+00,3.712167060787205930e+00,9.168202314532898599e+05,7.775169865697191563e+05,3.477704961338803969e+03,5.424401366293693627e+00,3.278076839593893954e+00,2.957346419993925579e+01,2.487331163704913084e-01,7.707777390702630349e-01,2.260999470504076125e+00,3.712443321456019962e+00,9.070066387434951030e+05,8.103183958814499201e+05,3.182238409326206238e+03,5.423681728812315583e+00
2.000000000000000000e+02,7.658381708964093093e+01,2.359322767789248321e+00,2.653994538572714745e+01,7.862717641186242612e-02,7.352774771326783254e-01,2.620729729664140972e+00,4.445391543459916939e+00,5.182028281180533231e+05,5.202256228714926983e+05,5.630864603075036030e+03,5.305002984411689049e+00,2.359330400823482776e+00,2.653975214975490715e+01,7.862715836611527953e-02,7.352789754378868947e-01,2.620726381398354565e+00,4.445395789823818333e+00,5.394903093775205780e+05,5.160253054387672455e+05,5.005538067488700108e+03,5.305006068257917207e+00
Synthetic Data/h1n1/h1n1 with 0.05 noise.csv
Synthetic Data/h5n1/h5n1 with 0.05 noise.csv
