1.000000000000000000e+01,8.431012704317652151e+01,1.977005455697347980e+00,3.790032180111589355e+01,6.523477093728798082e-02,8.519672658329379145e-01,1.951597830325916050e+00,3.284363966324023831e+00,5.729560014670564560e+05,4.185869570565537433e+05,5.126252239914825623e+03,5.105756671540640390e+00,2.752952946936530587e+00,2.259858766751253967e+01,6.519528637208236999e-02,8.519254896677809219e-01,2.168062046532278853e+00,3.284235438665471296e+00,5.590877133853882551e+05,3.381075136352797854e+05,7.263292883270682069e+03,5.099981941035637512e+00
1.090909090909090828e+01,8.518274051949424575e+01,2.656330913884074274e+00,2.747461451402190846e+01,1.449250783470106274e-01,5.503469060319020612e-01,1.626937445508954694e+00,2.962297062377895696e+00,7.632333000568569405e+05,6.569879789377093548e+05,8.365910523700253179e+03,5.547604491608110422e+00,2.658807329641383443e+00,2.711642392537460466e+01,1.448096770636182751e-01,5.473889320846149209e-01,1.627650494320929564e+00,2.909548756269264125e+00,7.973912936925141839e+05,6.162968706906164298e+05,6.519062278389493258e+03,5.501650270468924298e+00
1.181818181818181834e+01,8.241385511628510585e+01,2.690434115709417817e+00,2.833562301141023809e+01,1.854536069557573552e-01,5.449602538300980514e-01,1.792941608034668288e+00,2.878273243348160371e+00,6.562450381385874934e+05,6.726446237457857933e+05,8.144158077846645028e+03,5.641075543155448457e+00,2.700940012372058607e+00,3.140845833827804157e+01,1.849599858504628325e-01,5.449840469424144240e-01,1.810204511810415307e+00,2.880047119828931024e+00,7.606522919009458274e+05,5.966514668555273674e+05,9.220526959857188558e+03,5.649279030179922501e+00
1.272727272727272663e+01,8.709147327365219837e+01,3.150648664447039504e+00,2.129618186459859075e+01,1.763480586915278092e-01,5.969970559484870654e-01,2.124371619774083175e+00,3.701953400831070606e+00,3.069725152179520228e+05,3.933797019524253556e+05,4.667276886850413575e+03,5.882129762618980351e+00,3.208263199213264638e+00,2.145221303864190787e+01,1.762483086624705153e-01,5.992759372940578144e-01,2.381276498781305762e+00,3.704689135239781717e+00,3.064130980730820447e+05,4.762956484884812962e+05,5.793415857269782464e+03,5.924604554530398026e+00
1.363636363636363669e+01,9.848679300371512113e+01,2.313293265486751515e+00,3.330642683245604729e+01,1.700504769183919518e-01,3.081240635552101037e-01,2.432793658271910520e+00,3.898748465595434087e+00,1.595554239113589865e+05,4.841912358055358636e+05,7.609986531876912522e+03,5.919838522406556613e+00,2.331293356715569587e+00,3.568155795686136855e+01,1.700505292209545105e-01,3.075684401735997997e-01,2.687051485102797344e+00,3.898522089372340016e+00,1.945280778837863181e+05,4.043023654511965578e+05,8.013492594425748393e+03,5.669726344550738872e+00
1.454545454545454497e+01,8.162796476641581478e+01,2.861295003122890535e+00,2.595187375595728341e+01,1.553015800007435110e-01,6.819320595375973904e-01,1.889686958499941616e+00,3.439523290377596521e+00,7.695003579812719254e+05,7.774427073528523324e+05,6.325104617458027860e+03,5.707178117132054140e+00,2.861532423521220281e+00,2.976885181724027873e+01,1.552999309933525973e-01,6.818842658069349527e-01,1.895723928957974591e+00,3.454416204804646284e+00,7.439678527699022088e+05,9.158408843767459039e+05,6.161524866438890058e+03,5.744606383001274352e+00
1.545454545454545325e+01,8.793905841745771568e+01,3.552339632059112517e+00,1.624810448309964883e+01,1.197856139954082827e-01,3.700287096426207456e-01,2.164832794460060050e+00,3.492278764536593361e+00,4.802594818361767684e+05,4.910217208621737664e+05,7.096945183647830163e+03,5.306596012803846740e+00,3.553960522755328366e+00,1.633148413811082378e+01,1.198788769294230477e-01,3.737475056312630217e-01,2.195605956472172604e+00,3.525541293298732004e+00,7.290482216883912915e+05,3.965910392144146608e+05,5.898580218184702971e+03,5.280691712352052036e+00
1.636363636363636331e+01,8.462812619987681728e+01,3.356276442562537099e+00,3.085883826631853921e+01,2.791155334501131957e-01,4.991132452545476439e-01,1.568263857583941823e+00,2.811872138478099803e+00,5.697129798506658990e+05,9.785569402145637432e+05,8.879975464481856761e+03,6.073636241282773796e+00,3.356903396810729134e+00,3.060066019122477954e+01,2.791148521373763014e-01,4.983115469279534304e-01,1.568530952337191309e+00,2.734408646209770755e+00,6.583411052209464833e+05,9.745841493409054819e+05,7.501551776361121483e+03,6.101470152641900846e+00
1.727272727272727337e+01,7.324401591457265681e+01,3.515660706356015019e+00,1.544462948598906493e+01,1.136236162364710756e-01,4.091681995795052318e-01,1.431733603435841662e+00,1.906730867424238474e+00,4.866990532765900716e+05,5.410006742700835457e+05,6.138979121191322520e+03,4.986260624325783652e+00,3.537223743665244502e+00,1.823508345207266856e+01,1.133766280874295290e-01,4.092678253930994714e-01,1.434265924919026380e+00,1.906914228740735684e+00,6.464434961315774126e+05,5.391460825466702227e+05,5.856391038650795963e+03,4.942104338371328787e+00
1.818181818181817988e+01,9.186442688900233122e+01,3.385108713082404019e+00,1.690828784399141327e+01,1.846411548894385246e-01,4.381199833093387674e-01,2.332044356377942940e+00,3.598006454908799334e+00,8.731913487810917431e+05,2.535816165377313155e+05,7.220996933183957481e+03,4.973596211024704949e+00,3.378607924133261609e+00,2.050486685306486834e+01,1.846283380983429201e-01,4.390459955212077103e-01,2.330277307508399787e+00,3.161619091990682140e+00,8.769364470284817507e+05,2.502994729320428742e+05,7.765766386169098951e+03,4.924658728453674250e+00
1.909090909090908994e+01,9.449197165585650282e+01,2.784451910525274076e+00,2.585033188780653290e+01,2.562635153955791223e-01,3.655828586219975751e-01,2.054076291172189261e+00,3.767595287372409452e+00,8.487620063452994218e+05,6.302771827379991300e+05,7.466010254219129820e+03,5.940182655318196225e+00,2.786339864190863658e+00,2.976393455237883501e+01,2.558389140787881155e-01,3.677778595447000476e-01,2.048869438772936480e+00,3.595520013363414868e+00,8.233390702579173958e+05,6.431904155277576065e+05,7.953909661252529077e+03,5.949474941094885949e+00
2.000000000000000000e+01,8.818822912156790039e+01,3.336139085061576637e+00,2.549963992619831288e+01,2.828898809057729946e-01,6.241243782528049788e-01,1.581999495783366294e+00,3.313172489491097661e+00,6.647522166075119749e+05,4.069389452421561582e+05,5.003193047551177187e+03,6.071719706007367989e+00,3.340070688782906583e+00,2.547902236163981371e+01,2.828710384000393541e-01,6.241253103364843291e-01,1.582190614622617009e+00,3.301605130925877596e+00,7.376787614850500831e+05,4.437452943065267173e+05,4.075988690208687331e+03,6.065417288001497376e+00
2.090909090909090651e+01,8.936929089185335329e+01,2.845347657509532890e+00,2.537031429165431007e+01,1.768471043395820896e-01,5.079523568824083624e-01,2.351117952564727887e+00,3.768659927992342062e+00,4.207880253478003433e+05,7.793760566282734508e+05,5.214493934469802298e+03,5.715829386182020855e+00,2.828420629545604026e+00,2.562499324430312342e+01,1.768326088597144130e-01,5.057159804938702319e-01,2.415314504294924891e+00,3.759864431864371692e+00,4.929671944920048700e+05,7.924495438085773494e+05,5.548173961180751576e+03,5.755358221104803995e+00
2.181818181818182012e+01,8.672153613783918047e+01,2.888587900828331723e+00,2.189795112136712874e+01,1.554060932791722638e-01,4.209552204968962097e-01,2.310397527629231451e+00,2.829361500784836281e+00,1.742202115143126575e+05,9.587263699777778238e+05,9.001364540713489987e+03,6.036794415685560189e+00,2.868910333544472557e+00,2.195456826310837783e+01,1.554059275037729393e-01,4.213895159186943351e-01,2.304434202651197694e+00,2.821169686683153266e+00,1.782842927620923147e+05,9.593493307590173790e+05,9.082507996495454790e+03,6.069851939110810335e+00
2.272727272727272663e+01,9.749861800734672101e+01,3.124651165316771451e+00,3.397156194727247680e+01,2.978871013908262477e-01,4.304980685027506859e-01,2.234177624740483648e+00,3.433177906580441530e+00,7.251335051893205382e+05,3.715814554702948080e+05,8.511184329610088753e+03,5.343089606763055777e+00,3.147383181526148377e+00,3.431261421621396579e+01,2.967154478120464511e-01,4.306383935976517141e-01,2.242793027563515285e+00,3.423048222665546536e+00,7.789818887969373027e+05,3.523786348873078241e+05,9.626086220524852251e+03,5.338505315026358389e+00
2.363636363636363669e+01,8.727077309493409984e+01,3.506121094387692150e+00,2.284282153728905840e+01,1.827608633179848840e-01,6.569460362649760521e-01,2.614654350100935165e+00,4.038274609924783043e+00,6.308781005967309466e+05,5.504762958832699805e+05,4.670617176617810401e+03,5.136584285829763452e+00,3.503258329463229792e+00,2.310569348281174484e+01,1.824191142183961833e-01,6.569473551898303842e-01,2.637492980779979845e+00,4.028778198190714477e+00,6.318140596388847334e+05,5.460940707007844467e+05,4.052063438902534017e+03,5.130450221703763525e+00
2.454545454545454675e+01,9.038390258176860925e+01,3.424423856972601321e+00,2.077698143916121154e+01,1.902083717363367565e-01,5.414467400334013192e-01,1.761581096135449664e+00,2.528464419111366546e+00,3.000031526661946555e+05,4.453662184886548785e+05,7.803297201107901856e+03,5.650284462392890283e+00,3.500285604229783853e+00,2.062471117327926251e+01,1.905546858557076451e-01,5.432696652688154826e-01,1.779283985715605754e+00,2.528598504547331594e+00,3.454362127159035881e+05,4.632298511502433685e+05,8.162307544823971512e+03,5.813155210074791412e+00
2.545454545454545325e+01,7.502476875245488941e+01,2.893494019709581533e+00,2.212845644857629779e+01,9.063102172947842816e-02,8.132823882059525555e-01,1.973316095115532631e+00,3.127562060491431595e+00,3.487499207174471812e+05,5.632272813305301825e+05,8.423528874518397060e+03,5.706622580064719230e+00,2.894206975938443005e+00,2.515833507576062544e+01,9.063103399460117893e-02,8.132742443102253249e-01,1.978275769511766535e+00,3.127590817006492774e+00,3.822893278267922578e+05,5.641367305564810522e+05,8.823133894385333406e+03,5.706589554653135998e+00
2.636363636363636331e+01,9.195896001833565947e+01,2.767622648695010401e+00,3.924725222987616746e+01,2.294520690091497728e-01,5.770556100986364845e-01,2.159864913249240903e+00,3.474056620991942346e+00,6.521054947686226806e+05,8.935925736811092356e+05,7.689859936266928344e+03,5.843757643547900393e+00,2.774056829644899302e+00,3.940084385378472831e+01,2.288135436369250209e-01,5.818091788061731107e-01,2.159709021909549165e+00,3.711712669627223349e+00,7.300968668002948398e+05,6.961492326221485855e+05,7.847947916141319183e+03,5.850990702936992527e+00
2.727272727272727337e+01,8.002445815039260424e+01,2.794082630196086825e+00,2.674115618761798530e+01,1.267357665831419233e-01,7.279018176621980807e-01,1.773157232785661508e+00,3.066613177381690036e+00,9.770224591631910298e+05,8.637874089696761221e+05,8.670836383671663498e+03,5.594495478505502106e+00,2.797577106815518189e+00,2.671842922098128525e+01,1.267443466023919496e-01,7.248157851599523749e-01,1.784827302117901082e+00,2.981244233972206281e+00,9.118877965391242178e+05,9.221134420848623849e+05,9.026681856978228097e+03,5.638797317975427603e+00
2.818181818181817988e+01,9.568586636176428328e+01,3.080758010385620249e+00,4.289570924411113850e+01,2.996435104063995825e-01,4.085512589650051041e-01,1.774545986452640056e+00,2.920790221052867341e+00,4.838372705225352547e+05,7.409507356404530583e+05,7.675856629780468211e+03,5.739413243850536084e+00,3.088068104315209617e+00,3.996864087482924788e+01,2.979589792530363268e-01,4.085606371168365447e-01,1.778055878193659067e+00,2.891823496771418700e+00,5.021363264880843926e+05,7.363395156033670064e+05,8.326561778666129612e+03,5.885292340830058144e+00
2.909090909090908994e+01,8.771841604839609374e+01,2.929466813330172226e+00,3.023374136569268700e+01,2.744004703755498764e-01,4.747961544825284874e-01,1.542888094782552066e+00,2.827560211313806970e+00,8.518160099294892279e+05,6.009926396008990705e+05,2.839644066541301981e+03,5.204090644484691275e+00,2.927300869155084584e+00,3.321700480792284083e+01,2.731008055237156285e-01,4.755269133844944318e-01,1.546398085573499115e+00,2.810438316206936182e+00,7.920593142962688580e+05,5.887365559099720558e+05,2.600891539978347737e+03,5.250399514064227446e+00
3.000000000000000000e+01,8.526652283249185871e+01,3.221949457869045741e+00,2.246560743807447480e+01,1.642681475612146891e-01,5.140891458748795273e-01,1.836723080078703330e+00,2.747695602439258700e+00,7.514299578588879667e+05,9.039615853137689410e+05,9.066299839431569126e+03,5.564355958254547652e+00,3.254329848890180177e+00,2.247426831697223193e+01,1.644835967072657834e-01,5.141304393816479301e-01,1.846437309948128602e+00,2.746006067431258302e+00,7.307667321980099659e+05,9.484220178753501968e+05,8.854306035577525108e+03,5.651243627207689357e+00
3.090909090909091006e+01,8.564485680176765925e+01,3.047790373534820407e+00,2.457396191547334396e+01,1.449300948873738504e-01,6.559795551168552397e-01,2.201874438871504580e+00,3.086434360208730077e+00,5.103332410720620537e+05,8.769141626907382160e+05,8.915187811681586027e+03,5.635666366797311255e+00,3.063425895981316760e+00,2.479530417408609821e+01,1.449292973350140012e-01,6.560248568489844834e-01,2.200061593341110733e+00,3.086055625044392237e+00,5.036413552175569930e+05,8.217337961944051785e+05,9.644829489926234601e+03,5.692305901274954394e+00
3.181818181818181657e+01,7.948998729101654703e+01,2.658620499671001003e+00,2.435222203168189381e+01,1.402226748350894892e-01,5.274150097799946701e-01,2.030400649565359927e+00,3.446572033957152836e+00,8.373787974357737694e+05,6.515559130635462934e+05,5.435995915728782165e+03,5.415095707110430645e+00,2.659256054599976160e+00,2.458373373671698303e+01,1.401672698541693296e-01,5.275555377456443429e-01,2.032668977849596992e+00,3.435416190170931028e+00,7.895850468605183996e+05,6.658481950327208033e+05,5.708817214300931482e+03,5.420624391543181986e+00
3.272727272727272663e+01,8.599152451042678535e+01,3.218125966960471818e+00,2.908490971840450356e+01,2.340861897100053046e-01,4.731749202380773900e-01,2.092684090603884606e+00,3.171601107632996186e+00,6.290691699310695985e+05,9.495574239435544005e+05,9.299387963629145816e+03,5.729238540194375950e+00,3.210065040526230096e+00,3.004565628540639821e+01,2.340861787715544096e-01,4.730921466280319510e-01,2.112866701114435752e+00,3.154706629256050832e+00,5.956226150523151737e+05,9.582198424456781941e+05,9.221268967706573676e+03,5.733068730559467419e+00
3.363636363636364024e+01,8.975612760680895974e+01,3.405068907181982851e+00,1.679739491827256970e+01,1.343240683949513403e-01,5.604213827524880953e-01,1.968232203266976788e+00,3.420791659021101605e+00,3.837116991187062813e+05,8.731451941903507104e+05,8.707755549993184104e+03,6.556920777198548045e+00,3.437876180021331329e+00,1.750988746773616356e+01,1.421787341292981288e-01,5.601038952566748108e-01,1.967870140986785588e+00,3.442770630612057126e+00,4.019823212958836812e+05,8.347448483304227702e+05,7.453178648499996598e+03,6.584804615420363660e+00
3.454545454545454675e+01,1.004615187442095561e+02,2.724244563687241438e+00,2.380364606252993909e+01,1.926742893188005956e-01,3.892496241520996825e-01,2.380925336735187692e+00,3.155426726372883017e+00,6.628607598588755354e+05,7.381721398785075871e+05,5.379608285183397129e+03,5.297692940463782030e+00,2.725050873215263181e+00,2.432166996248017199e+01,1.926628881095795720e-01,3.891812012370092222e-01,2.381127883674355683e+00,3.156007576395671865e+00,6.554921356353370938e+05,7.642674616157315904e+05,5.569476024643121491e+03,5.298688850506842130e+00
3.545454545454545325e+01,7.922345833732181575e+01,2.509535970407591687e+00,2.842555438077718577e+01,1.067316305230388840e-01,6.848979579096116099e-01,2.376657952325871737e+00,3.335445785870263080e+00,6.323906551676593954e+05,6.477996996665328043e+05,7.774968358751686537e+03,5.141292921396936499e+00,2.509547142976266354e+00,2.842875521278265083e+01,1.068976280495641806e-01,6.848616252855310726e-01,2.377226930749642086e+00,3.323153598446869417e+00,6.505154353367283475e+05,6.434337384249342140e+05,6.832902928890073781e+03,5.141200055047849382e+00
3.636363636363635976e+01,8.205827289612389563e+01,3.306923276650158616e+00,2.208428268778963499e+01,2.344652763403031193e-01,4.477227284425356335e-01,1.911449390505781221e+00,3.271668613596081077e+00,7.019032705254936591e+05,4.459783368168572779e+05,9.583387720996386633e+03,5.896455614093569331e+00,3.302938483797765556e+00,2.214020543988319645e+01,2.344717833776104321e-01,4.483199096776840364e-01,1.929089729666363384e+00,3.271445449224650304e+00,6.807564850541435881e+05,4.236306781083012465e+05,9.671637808561485144e+03,5.912910747203045325e+00
3.727272727272727337e+01,8.282811861526450059e+01,2.742379166914298061e+00,3.248875898808017837e+01,2.178288144852287278e-01,5.377725778299248249e-01,2.120562995129664952e+00,3.330964337514318974e+00,8.720818507842231775e+05,4.565510281153349206e+05,8.228952990924335609e+03,5.390544310285044993e+00,2.743702679363578145e+00,3.234060363013135486e+01,2.184671512334751819e-01,5.375404599279195450e-01,2.141873766745228558e+00,3.322563319870195375e+00,9.191309598281525541e+05,4.604789263988630264e+05,7.692493416812504620e+03,5.414561595070229494e+00
3.818181818181817988e+01,8.270059039394993761e+01,3.142870714496398765e+00,3.097094511835019759e+01,1.826413225435344900e-01,8.367844565239263011e-01,2.153355745077610628e+00,3.119936376606765371e+00,9.014345842732804595e+05,7.438798883033763850e+05,7.484593835843590568e+03,5.346546536859815291e+00,3.155352751620522422e+00,3.172298098265461874e+01,1.826780249371062204e-01,8.372247461088014875e-01,2.174996037029250928e+00,3.109346339451711128e+00,8.960834393180215266e+05,7.421498352488743840e+05,8.674314891979847744e+03,5.346858483352883162e+00
3.909090909090909349e+01,9.413898340825234357e+01,3.165741468957371296e+00,3.177503655474726685e+01,2.130593188714089425e-01,5.120331906912307662e-01,1.706200480644235684e+00,2.327240111925306998e+00,5.283962414021851728e+05,7.390022635299302638e+05,9.165375125171342006e+03,5.190550684159669359e+00,3.166487949353848474e+00,3.677158456635439165e+01,2.119655293868179247e-01,5.127398262854746536e-01,1.706743998963236697e+00,2.334988518174561545e+00,5.090759487527719466e+05,6.686930573267065920e+05,8.961984772953544962e+03,5.227074640287519891e+00
4.000000000000000000e+01,1.132293479157179092e+02,3.004365628451087122e+00,3.992078867552958599e+01,3.227276751971078772e-01,7.411745916910897902e-01,2.290907303219197111e+00,3.396307194339418078e+00,7.490668714300082065e+05,6.151200797883747146e+05,2.671734268066791628e+03,5.270056985694699492e+00,3.017190874443812287e+00,3.976869125018550477e+01,3.221773505499395673e-01,7.429830022119180422e-01,2.290176775609222837e+00,3.393302497730343870e+00,6.677259644227164099e+05,5.815106614857285749e+05,2.434511827495774924e+03,5.262523772339644523e+00
4.090909090909090651e+01,9.126468074035869904e+01,2.871211970322947504e+00,2.565288928990813844e+01,1.932389482334725683e-01,5.134544337662740876e-01,2.142328504202689388e+00,2.899842688565315907e+00,4.266039863043135265e+05,6.283476161125568906e+05,9.984703248292635180e+03,5.775232467366394395e+00,2.877329403942787689e+00,2.568620513320900400e+01,1.932392747971096725e-01,5.140382759008189639e-01,2.157622254797660677e+00,2.898577124385984138e+00,3.803321134567444678e+05,7.054172662680685753e+05,8.500299681100457747e+03,5.772268505674134964e+00
4.181818181818181301e+01,8.155411289631373961e+01,3.124126438416195750e+00,2.087586316377982598e+01,1.049275379378098033e-01,7.915048520549982092e-01,2.111415400493261707e+00,3.518750226914449719e+00,2.798257358572778176e+05,5.516411900103671942e+05,7.331628509217262035e+03,5.964005147213063296e+00,3.124136451265270065e+00,2.297325420505167060e+01,1.049271769470194043e-01,7.915072908936571228e-01,2.111418613585295478e+00,3.518752712584341857e+00,2.855066703186530503e+05,5.701836228528693318e+05,7.024978319284922691e+03,5.963989846189324595e+00
4.272727272727272663e+01,9.184705659241757303e+01,2.959019944734611052e+00,2.879070131446156111e+01,2.100032387208763673e-01,4.484660546651059176e-01,2.322637487134515233e+00,3.114090899763916287e+00,3.481507951305065653e+05,5.838992784096794203e+05,7.775404992262687301e+03,5.559111743357606272e+00,2.959388344995989684e+00,2.887510716851972958e+01,2.099676039172161390e-01,4.484136133851757688e-01,2.322939963929512075e+00,3.114157952362540893e+00,3.504995802149734809e+05,5.534106999398345361e+05,8.061526148949758863e+03,5.596766459180598119e+00
4.363636363636363313e+01,8.706159154501888509e+01,2.557418322913469932e+00,2.359762706494660023e+01,9.788756914290665245e-02,4.661460615739775881e-01,2.284220701177655410e+00,3.528717718306325857e+00,2.148739698480609222e+05,2.014155267149986466e+05,4.405527270908719402e+03,4.888586899055788138e+00,2.557450261088269006e+00,2.153140912839032595e+01,9.788600998660038077e-02,4.661391239733876923e-01,2.284236123673992314e+00,3.528553763768511153e+00,2.197424092033371853e+05,2.129866411799156340e+05,4.408559847885476302e+03,4.888768986866973698e+00
4.454545454545454675e+01,9.603221306526508272e+01,2.916989974509839989e+00,2.869571622279430656e+01,2.371492318237826136e-01,5.156811858708439944e-01,2.453891233586714904e+00,3.774978462514410271e+00,9.372969498106463288e+04,8.021601301984026795e+05,6.736313394269594028e+03,6.782741505706018081e+00,2.917059571265077089e+00,2.938741975434779619e+01,2.377031995721419766e-01,5.153789435285853759e-01,2.454130583695130152e+00,3.770378991461031504e+00,9.314460596349973639e+04,8.663056834149627248e+05,5.853569670192576268e+03,6.783409370158986818e+00
4.545454545454545325e+01,8.922104532015356426e+01,3.490573127437056389e+00,2.792464928273763292e+01,2.673367319590852498e-01,4.791626637873683814e-01,2.301431187768712583e+00,3.733310508706819242e+00,3.578199678059174912e+05,5.701234577671214938e+05,8.726452386525093971e+03,5.955708845799388307e+00,3.498214052326564794e+00,2.817963648783754138e+01,2.673366248575435034e-01,4.792481943065500238e-01,2.322941215752825084e+00,3.734393984073598904e+00,3.581055135700397659e+05,5.766465066650189692e+05,8.902010690183526094e+03,5.986146110007688925e+00
4.636363636363635976e+01,9.777845271647072423e+01,3.310964267352825896e+00,3.544568029353044381e+01,2.545731172705235079e-01,6.065088801416502751e-01,2.047448437788446096e+00,3.380880172401621753e+00,2.223172052720170177e+05,6.815842795412152773e+05,3.975348163668257712e+03,5.716619218237787514e+00,3.319947427539135631e+00,3.647913676219484103e+01,2.519278363533888898e-01,6.028578209173656166e-01,2.054861160367151829e+00,3.399675256872012774e+00,2.122494838951709389e+05,6.599292451816416578e+05,3.299556984656437180e+03,5.708611807114407632e+00
4.727272727272727337e+01,8.539412545312758596e+01,3.110607136643476434e+00,1.823887239968383511e+01,1.016826605231485464e-01,4.577210136408503272e-01,2.134279510631264642e+00,3.631979801679753095e+00,4.076759660556189483e+05,7.483692181315349881e+05,4.236133609629569037e+03,5.632916395355558770e+00,3.110539511867512541e+00,1.851661591466753620e+01,1.016788311201353434e-01,4.577208624257442793e-01,2.134896381612799932e+00,3.631923240584094437e+00,3.753102904388822499e+05,8.336431392746074125e+05,4.182021895402524024e+03,5.638341802410208992e+00
4.818181818181817988e+01,9.158427910550720696e+01,3.153491819983814448e+00,3.078782881336379518e+01,1.775430613609155217e-01,6.717085054200977456e-01,2.024348899443399130e+00,3.284982882888248135e+00,6.310496422549255658e+05,6.627345065584745025e+05,6.708223191520626642e+03,5.242356831838936415e+00,3.152298568498806297e+00,3.122023665345575338e+01,1.775562166439743350e-01,6.717121199983695501e-01,2.024342372772644616e+00,3.284910629999282516e+00,6.949038087569327326e+05,6.995672442805924220e+05,7.956803752029402858e+03,5.242408109505789504e+00
4.909090909090908639e+01,8.644394308476444166e+01,2.728536599722110711e+00,3.986136391698097725e+01,1.847534607481154112e-01,5.552892494808095991e-01,1.818509494114791236e+00,2.815743367630754612e+00,6.100684021475573536e+05,2.958663354853513883e+05,3.828725082380046388e+03,4.403910507077653413e+00,2.743189394112175439e+00,4.193298626336064672e+01,1.847527029334403159e-01,5.552920483623267067e-01,1.818647165573600066e+00,2.815854329148838708e+00,6.052311819866317092e+05,2.775006073276280658e+05,4.332189576263036543e+03,4.404000473279903183e+00
5.000000000000000000e+01,8.264403190421948864e+01,3.331808090715910442e+00,2.785382835621105002e+01,2.082020653426363554e-01,8.094789529553674257e-01,1.733528209755169192e+00,2.668932352209134162e+00,5.079032090309967753e+05,4.640245230591080035e+05,6.641424866729534187e+03,5.574514683307648433e+00,3.340341163580372807e+00,2.790458546136680695e+01,2.081976365971029141e-01,8.094797395573659626e-01,1.733537685143796248e+00,2.668983061011583668e+00,5.157873684777663439e+05,4.699326206439240486e+05,6.715616236004574603e+03,5.596021877482838747e+00
5.090909090909090651e+01,1.189571729391523434e+02,2.674085890868234561e+00,2.852868333384222055e+01,2.579106766344370083e-01,5.352269260369154624e-01,2.775847432465255782e+00,3.661160688592446810e+00,4.209530086418631254e+05,1.886031380192089709e+05,8.380967174648396394e+03,5.373755534293342961e+00,2.700243908233537216e+00,3.015499284120103241e+01,2.581727605180679785e-01,5.405020480132944893e-01,2.771811454559225396e+00,3.661342787315267078e+00,4.183405594662163057e+05,1.816158773746694496e+05,8.554285253354430097e+03,5.395089759960566944e+00
5.181818181818182012e+01,8.047517167634585178e+01,3.041149400462826335e+00,3.002632483571735023e+01,2.386335620323594420e-01,4.919061929774686814e-01,1.973196390155782520e+00,3.384836302712159739e+00,8.047176499255093513e+05,7.965694856946364744e+05,8.016823786583244328e+03,5.776435660953604945e+00,3.041166254115776457e+00,3.195157170149776604e+01,2.386334890272223119e-01,4.919070752266532787e-01,1.973196178348158636e+00,3.384836513574724481e+00,8.046847659181081690e+05,7.926757413770667044e+05,8.202449463512761213e+03,5.776445218214994348e+00
5.272727272727272663e+01,9.177969380709674851e+01,3.166630246183172126e+00,2.788555976155185689e+01,2.427830809257750799e-01,6.470509784468014836e-01,2.187630808184722664e+00,3.700175313536351318e+00,7.399591295454787323e+05,8.613162863961927360e+05,5.517560301143073957e+03,5.798781852629409705e+00,3.189279910734616141e+00,3.011945096260420840e+01,2.428174214902131256e-01,6.471148079226360927e-01,2.191750468485238468e+00,3.713899778091688031e+00,6.815376631573210470e+05,8.302223304265050683e+05,5.629743487090717281e+03,5.857057814754622171e+00
5.363636363636363313e+01,8.869323784096135910e+01,3.146731824121418608e+00,2.645934614245825145e+01,1.563374342285361596e-01,6.895706473648617330e-01,2.181202240736099363e+00,2.925513753050619226e+00,6.252348805163364159e+05,6.371521563433862757e+05,6.227447130366581405e+03,4.920086370591974401e+00,3.176790008513475261e+00,2.782865699838649576e+01,1.563610837553369715e-01,6.898167039328593209e-01,2.196697261714357197e+00,2.922670247804219912e+00,6.211864286499308655e+05,6.247345492578307167e+05,5.843392875933048344e+03,4.969534337653397138e+00
5.454545454545454675e+01,8.426974533484289509e+01,2.863946996073286400e+00,2.209836187167388033e+01,1.050416293247563443e-01,5.518867274512949672e-01,1.955594604591557317e+00,2.894365306521659242e+00,4.040937339908234426e+05,4.982863693929056753e+05,3.606423999695405200e+03,4.834608091586752643e+00,2.863696145188813436e+00,2.281715374839589217e+01,1.050419635924081663e-01,5.518091789285720639e-01,1.955532136247511987e+00,2.894493504277795726e+00,4.161399850612038281e+05,5.086842982041700161e+05,3.115565773773485944e+03,4.833459052613608087e+00
5.545454545454545325e+01,9.443672870150436438e+01,3.426792343770639349e+00,2.567723348519594495e+01,2.282383144972738309e-01,5.736736462689041582e-01,2.150740877754107938e+00,3.152367217844224800e+00,6.462744337986344472e+05,8.126767897556954995e+05,2.652666387726827907e+03,5.004491457306488478e+00,3.426674605454532507e+00,2.797561303918609354e+01,2.282391507007183185e-01,5.736769739838524229e-01,2.150746749088981336e+00,3.152321904754480375e+00,6.673450295478811022e+05,7.872952893506390974e+05,2.715094670702699204e+03,5.004389462430334667e+00
5.636363636363635976e+01,9.509561736738530158e+01,2.969031799543261130e+00,2.417626430227204537e+01,1.733174170821068227e-01,5.984993104058597968e-01,2.426254016757343646e+00,3.198544485514053015e+00,6.760787130991396261e+05,8.056372384242177941e+05,7.341089660894885128e+03,5.510835983921949399e+00,3.020335615339702962e+00,2.411922306910770430e+01,1.732409127535912696e-01,5.972057230142229223e-01,2.428795002626843225e+00,3.178962421192334631e+00,6.929188939286912791e+05,7.988904170538198669e+05,8.252510272797060679e+03,5.505049015414112290e+00
5.727272727272727337e+01,9.047222729236298733e+01,2.745616484373820665e+00,2.677197038770837878e+01,2.187298493916959852e-01,5.753579502237552434e-01,2.267762819480638736e+00,3.233887391462782812e+00,4.902433335924005369e+05,8.657304327357329894e+05,4.777978210091708206e+03,5.778958306251004373e+00,2.740902082135645568e+00,2.965023358395454878e+01,2.179384192456660374e-01,5.744914127654944247e-01,2.283691224918846352e+00,3.243562958823149156e+00,4.905980122333308100e+05,8.541780111464885995e+05,4.773945772627965198e+03,5.764143567877106911e+00
5.818181818181817988e+01,8.410352652775347337e+01,3.021428632428179828e+00,2.570269826294396154e+01,1.185834625599087311e-01,7.934551084084315864e-01,2.020332973002564536e+00,3.060256929136905502e+00,3.361373314071082859e+05,8.359358023613814730e+05,5.102598232940399612e+03,5.429129324396080314e+00,3.021406201155378834e+00,2.751442399980959763e+01,1.185910620971653007e-01,7.932980397343699641e-01,2.020316685858615902e+00,3.060257175782888694e+00,3.758509475922150887e+05,7.825624540381140541e+05,5.314938607820247853e+03,5.429561258796510081e+00
5.909090909090908639e+01,8.344816715083253200e+01,2.893902470039523500e+00,3.704721008118748671e+01,2.104854065989712197e-01,6.888855926873689306e-01,2.119398959455965237e+00,3.801398225333934899e+00,7.260441830083702225e+05,6.316314337201969465e+05,7.642091921777628158e+03,5.677725952372590257e+00,2.895983558060894136e+00,3.702906269676432061e+01,2.104797427544169985e-01,6.888846030327286929e-01,2.119395977033631251e+00,3.801432368415790908e+00,7.163826802330102073e+05,6.148890739451206755e+05,7.472768514731264077e+03,5.695005907457781902e+00
6.000000000000000000e+01,8.655393667466024965e+01,2.931744621435049769e+00,2.134463074036308328e+01,7.617756317449773940e-02,7.658154138130781607e-01,2.471469689188002139e+00,3.395991620797393917e+00,5.309409891944595147e+05,7.050231998484161450e+05,5.723119028687525315e+03,5.010430562537610655e+00,2.932850185914108287e+00,2.149883951528438786e+01,7.618367652296595405e-02,7.658093701745889437e-01,2.474795121783935237e+00,3.395591218543534850e+00,5.582730805148961954e+05,6.647789658964900300e+05,5.799946792695056502e+03,5.013641446239437194e+00
6.090909090909090651e+01,9.907482267772070372e+01,3.483791707991640507e+00,3.401242234877799575e+01,2.697542155694212518e-01,6.430251944308946754e-01,2.068511435188381764e+00,2.918005333415706559e+00,3.277563449157141149e+05,8.058270600837824168e+05,4.398933946127769559e+03,5.621515098240432273e+00,3.486205269331922096e+00,3.185028787037315823e+01,2.697542169196326389e-01,6.430255045641988243e-01,2.068507562955369306e+00,2.918010079311322169e+00,3.444008502108149114e+05,8.100527725291245151e+05,4.606182146887433191e+03,5.654968069319675550e+00
6.181818181818181301e+01,1.097459173181381118e+02,3.040797909035642288e+00,2.705847314277903948e+01,1.645093366667884360e-01,6.587756190886749907e-01,1.731317143126098523e+00,2.574911536586481198e+00,4.733624681299613439e+05,4.686949670345305931e+05,6.790365550546698614e+03,3.399280854136956354e+00,3.040805173432568509e+00,2.707560351983679325e+01,1.645097649532136774e-01,6.587811222744008877e-01,1.731316778770901621e+00,2.574914916247545982e+00,5.785299847792770015e+05,4.907895838117761887e+05,6.593077911251088153e+03,3.399283941627334382e+00
6.272727272727272663e+01,8.385054407113499053e+01,3.389791483077888135e+00,2.778102519824396310e+01,2.310551442698605962e-01,5.856767616327237524e-01,1.751352800018917355e+00,3.080544118298021772e+00,7.293301058144660201e+05,8.650072877069729147e+05,7.163967546403026063e+03,5.791770524954396038e+00,3.391306082939294697e+00,2.840881392865431820e+01,2.307359414448951207e-01,5.856628866034917502e-01,1.751589140204468098e+00,3.079830546799926516e+00,7.313713567500141216e+05,8.924024193436685018e+05,7.421137362647834379e+03,5.795572291873954285e+00
6.363636363636363313e+01,1.025109078535678861e+02,3.269246475511632610e+00,1.893589286834579610e+01,2.276950857192574784e-01,4.410307333560709586e-01,2.287875576675941325e+00,2.997362659833650245e+00,3.297837340993164107e+05,4.591099843004689319e+05,4.179992425422673477e+03,5.553255928267638808e+00,3.279702586279699794e+00,1.894138388420097741e+01,2.270657084209568299e-01,4.409657606070920277e-01,2.288295876475162416e+00,3.007953170023228040e+00,2.844629909804407507e+05,4.773986569598387578e+05,3.655958782826023707e+03,5.531879926609144071e+00
6.454545454545454675e+01,8.399552386091565381e+01,2.968479595894116141e+00,2.310359850455947139e+01,1.464335110920745586e-01,5.537129135892695508e-01,2.011245401140921540e+00,3.418640145015415133e+00,6.072900432229981525e+05,8.686137308885550592e+05,7.873920499223843763e+03,5.841128852034464636e+00,2.968478253002315714e+00,2.461205088470938662e+01,1.464335038577142534e-01,5.537111438084233450e-01,2.011244293575896513e+00,3.418635419224628436e+00,5.958204072579074418e+05,9.210272259681525175e+05,8.598810272427555901e+03,5.841119079773717360e+00
6.545454545454545325e+01,8.167581890740594019e+01,3.220710261798578333e+00,1.929951810650564070e+01,7.558517534377146019e-02,6.552818687180513857e-01,2.191746277650630237e+00,3.528725793216054285e+00,3.833868663230452803e+05,3.811342839035398210e+05,6.294874271345129273e+03,5.105584664970073128e+00,3.220033925001836383e+00,1.927596196438022247e+01,7.559068863472209743e-02,6.552109034325492853e-01,2.191520755744809090e+00,3.528725794956448780e+00,4.088026668038963107e+05,3.236362207339114975e+05,5.495008662604472192e+03,5.105603050094836171e+00
6.636363636363635976e+01,8.885715032366530863e+01,2.756177308847103102e+00,3.216922861929406707e+01,2.163880686142791998e-01,4.736284294202426914e-01,2.006350422272583867e+00,3.325794821550638769e+00,5.976900364703288069e+05,8.437049346568206092e+05,5.278432172119022653e+03,5.285493377225787270e+00,2.756332936518525845e+00,3.674035203992070819e+01,2.165877042717491430e-01,4.727155712462710602e-01,2.006369545795357201e+00,3.325583319979386943e+00,5.958200576826512115e+05,8.831978667502310127e+05,5.428527016467593057e+03,5.287662123800125791e+00
6.727272727272728048e+01,1.216424122315462739e+02,3.054558793352533552e+00,3.363108918572055472e+01,2.739470865109471798e-01,5.297435153510174910e-01,2.349139086548748701e+00,2.782078245011969209e+00,5.976488583745672368e+05,3.723893290072687669e+05,9.413574379686944667e+03,5.105472047003532410e+00,3.054479202530238080e+00,3.219156946032226330e+01,2.738010977527272627e-01,5.276082380051427823e-01,2.354225690369320834e+00,2.778011354885753015e+00,6.218233961179059697e+05,3.876749559499123716e+05,8.853241388596405159e+03,5.103577004115718019e+00
6.818181818181818699e+01,7.703139934993741633e+01,2.516439853796202719e+00,2.149404230424961426e+01,9.946220536637272180e-02,5.061453376557102368e-01,1.989181449210674080e+00,3.625490219377515366e+00,8.761161873347022338e+05,6.480296409704355756e+05,7.159924398423953789e+03,5.553202388108093857e+00,2.516440451130284028e+00,2.149403649447785725e+01,9.946196051684692840e-02,5.061445676680843553e-01,1.989182870851179619e+00,3.625491756741153537e+00,9.225240854235405568e+05,5.963774145116484724e+05,6.897696147605211081e+03,5.553202392431098033e+00
6.909090909090909349e+01,9.923775609400577480e+01,2.992183197451705023e+00,3.946894013009409008e+01,2.762540876181846516e-01,5.884284785731397349e-01,2.235809596376038488e+00,3.866729575752531733e+00,3.989994067544972640e+05,6.262958288603191031e+05,4.815351270289644162e+03,5.897268275875156895e+00,3.077247741970045247e+00,3.718116887634990775e+01,2.746174978530903088e-01,5.883232960468696149e-01,2.216750228413412849e+00,3.871524545328473899e+00,3.818591134655236383e+05,5.373330188550547464e+05,4.993795032713490400e+03,5.890866011634689592e+00
7.000000000000000000e+01,8.961655213858944080e+01,2.880877804901401884e+00,3.029092315242773736e+01,1.528448197791178187e-01,7.159025869850306201e-01,2.643475005198173911e+00,3.375263576954040889e+00,6.338024295120083261e+05,7.420121076361094601e+05,8.891599574028239658e+03,5.212957003268453349e+00,2.878691565209479108e+00,3.037244605614023030e+01,1.528177578007157977e-01,7.164398441184380850e-01,2.645267008425931543e+00,3.380130968521628976e+00,6.500569837785300333e+05,7.382671351582459174e+05,8.894742671321753733e+03,5.211528894797515576e+00
7.090909090909090651e+01,1.476857820547172651e+02,2.402171087904186653e+00,2.591946741057142489e+01,1.443697295096451616e-01,6.704501188865716887e-01,3.585615874400925662e+00,3.866060763723960569e+00,3.891184205580527196e+05,3.047337553793936968e+05,4.736195062701045572e+03,5.036348574204021489e+00,2.393953547466380449e+00,2.514712825532514628e+01,1.443546090726618991e-01,6.703006148553326549e-01,3.538187069170737331e+00,3.820410365855416046e+00,4.985261804863172001e+05,3.302877298932052800e+05,4.943238760846589685e+03,5.005675981386280782e+00
7.181818181818181301e+01,8.336309274067329511e+01,2.762390801870257651e+00,3.232432095588604426e+01,1.456357231803592500e-01,7.865670141559387707e-01,2.095134624254462619e+00,3.573436697636002357e+00,6.407862217576827388e+05,8.376287480285902275e+05,7.963352862485294281e+03,5.716251523148848435e+00,2.762407328045108468e+00,3.572083781641028111e+01,1.456316010136601835e-01,7.865293584618487932e-01,2.095210553917590257e+00,3.573430837714477892e+00,6.230849482535403222e+05,9.438406201970602851e+05,8.096358979779780384e+03,5.716468991143097256e+00
7.272727272727271952e+01,8.278142647444344959e+01,2.733568259220967800e+00,2.298333120433198928e+01,9.930158071401756770e-02,7.390274957690911029e-01,2.597080011820571688e+00,3.576327104863700868e+00,3.965777439204842085e+05,5.730222696829936467e+05,9.404025245644261304e+03,5.638400214568140889e+00,2.731125236841136950e+00,2.291755470045425369e+01,9.930092121652439596e-02,7.387165928918073554e-01,2.597191589086046637e+00,3.573094591331382297e+00,3.662283467274541617e+05,5.393328746378876967e+05,9.336389135772040390e+03,5.687073414237079128e+00
7.363636363636362603e+01,8.154474668455257813e+01,2.489496723134822620e+00,2.564367881493526014e+01,1.473397928960637482e-01,6.955289931696241323e-01,2.027713590706687885e+00,3.203429368966460800e+00,3.929143776775520528e+05,6.811974889922837028e+05,8.193506151353221867e+03,6.470630014182654044e+00,2.488664883282150964e+00,2.558373496682949266e+01,1.472878793138138465e-01,6.955287430091453560e-01,2.029053589217793441e+00,3.203195887676655307e+00,3.890517905854114797e+05,8.581199603203798179e+05,8.099685890751092302e+03,6.473251570158219614e+00
7.454545454545454675e+01,8.024796268106776154e+01,3.109632482126188702e+00,2.752874258181527622e+01,1.774082746583111048e-01,7.072458913453412155e-01,2.298211779387568932e+00,4.007381187072335038e+00,7.154160434987071203e+05,6.660592841990435263e+05,5.477163041395753680e+03,5.513567109916380993e+00,3.109667191117307716e+00,2.758861430748256538e+01,1.774088461621061708e-01,7.072590285245008435e-01,2.298219683942298364e+00,4.007318568936965697e+00,6.228276022697148146e+05,6.715877293810092378e+05,4.908644849500769851e+03,5.513581278193560919e+00
7.545454545454545325e+01,7.725791487548301006e+01,2.817928683012040914e+00,2.683644952936935013e+01,1.459641752434253092e-01,6.446162091612773759e-01,2.136875408572526336e+00,3.485064409469803781e+00,6.830941142753507011e+05,8.666184376817652956e+05,3.991546447633807020e+03,5.334493769358640947e+00,2.817484101455631329e+00,2.652744192754778751e+01,1.459641812514607118e-01,6.445897887179123931e-01,2.136296897852135057e+00,3.484721049450323349e+00,6.883409306247779168e+05,9.161398350686496124e+05,4.023827876378641577e+03,5.334771731485403734e+00
7.636363636363635976e+01,8.490395286788896101e+01,3.032795827056071314e+00,2.049287338013786197e+01,1.329035633168339503e-01,6.470790007369777719e-01,2.213432833315582382e+00,3.182668197709195290e+00,5.977197447398551740e+05,6.253828309728505556e+05,6.068298519512138228e+03,5.413264446184931522e+00,3.061601853260973005e+00,2.050853667944772596e+01,1.328314539583893006e-01,6.409661025600303930e-01,2.208090204403649004e+00,3.171091990416526674e+00,5.233951069690196309e+05,6.416019577437607804e+05,6.242217732689892728e+03,5.407260105534967387e+00
7.727272727272726627e+01,9.595968842324100478e+01,2.837471303689152791e+00,2.348029718346780470e+01,1.657685620352616074e-01,5.402436656722401365e-01,2.466214661849944978e+00,3.377884130337291957e+00,8.638670782043166691e+05,3.318166740000348072e+05,2.929047221864001131e+03,4.347268197794195821e+00,2.839315245536772725e+00,2.404110647029914105e+01,1.656114333500611491e-01,5.403486936615732317e-01,2.466953785170047819e+00,3.376927306833149345e+00,9.023524647695368621e+05,3.276986807996307616e+05,2.715432947565861923e+03,4.346733519945960467e+00
7.818181818181817277e+01,7.269174992010785274e+01,2.954785867017215129e+00,1.779171675312219847e+01,6.224719474175417766e-02,6.951188277746735977e-01,1.965860509164311543e+00,2.838202294957698602e+00,4.705522405638567288e+05,4.912844976368328789e+05,7.885622705991302610e+03,5.458602651210016532e+00,2.955369012124366979e+00,1.775655185211908815e+01,6.224645179783109411e-02,6.949916560472132465e-01,1.966215135190596097e+00,2.831913413597081597e+00,5.153913017735939356e+05,4.940822851184083847e+05,9.582664345033377685e+03,5.460293979166387146e+00
7.909090909090909349e+01,9.571238066802195021e+01,2.659082099241556918e+00,3.324511136584048643e+01,1.870699057854620095e-01,5.684379249331086292e-01,2.558054185470384212e+00,3.953205561141697189e+00,6.453724189669276820e+05,6.812634386633252725e+05,8.267905947352875955e+03,5.676509772994288383e+00,2.660470927685035569e+00,3.099676170931843089e+01,1.871034813395405783e-01,5.684713105451133508e-01,2.558222408096394673e+00,3.953193398262304648e+00,6.122399434900291963e+05,7.240434276721051428e+05,8.075662256125112435e+03,5.702411941084500668e+00
8.000000000000000000e+01,7.667322028383341603e+01,2.112764496463931163e+00,1.915527325538101167e+01,1.884261365779812611e-02,6.973984958361932884e-01,2.222353505244454741e+00,3.564542543247198658e+00,7.547175177270527929e+05,5.950966112110662507e+05,5.921793229798392531e+03,5.310034869153294146e+00,2.112785172260000177e+00,1.915284945567338326e+01,1.884254851172963846e-02,6.973970219872355214e-01,2.222384608573067855e+00,3.563996805970210069e+00,6.756987447353571188e+05,5.500832535959032830e+05,5.676455198953519357e+03,5.310049684175103479e+00
8.090909090909090651e+01,8.817491895997133611e+01,2.963593404077836446e+00,2.251005976534975517e+01,1.284748876639904003e-01,6.141297115119132011e-01,2.354667928688698453e+00,3.156563161282466723e+00,3.729436242118517403e+05,6.521696785720894113e+05,5.072573713036827940e+03,5.291108453381129451e+00,2.966842320619650586e+00,2.292082161391279627e+01,1.285085129631766965e-01,6.143180671255286107e-01,2.359815024575698583e+00,3.149094047190024614e+00,3.739152523408033303e+05,6.257603381791658467e+05,5.430753533303762197e+03,5.296088460592102365e+00
8.181818181818181301e+01,8.544057273275521425e+01,3.252938863545409287e+00,2.610029080317993078e+01,1.753004830043597417e-01,5.979177054100460742e-01,2.246851318739173209e+00,3.505091092767370853e+00,3.697363717246554443e+05,9.124494976400713203e+05,4.947484522548177665e+03,5.625749670511885903e+00,3.253152767781664956e+00,2.606853738045443336e+01,1.752933126105058192e-01,5.979265780161931998e-01,2.247041055305936119e+00,3.504701966176140715e+00,3.395343642330498551e+05,9.178728385669942945e+05,5.764158319819312055e+03,5.625963655016367859e+00
8.272727272727271952e+01,8.495971232720073374e+01,1.876798055043138680e+00,3.042179303893412623e+01,3.020406134985754998e-02,9.406326155036143222e-01,2.987544933286800042e+00,4.247209762233647545e+00,4.409592113609104417e+05,7.677211815161735285e+05,6.042563860203031254e+03,5.507190395913552194e+00,1.876818850090409496e+00,3.041725026443306845e+01,3.020444266276233261e-02,9.406269362668925327e-01,2.987566221247509368e+00,4.247204039151387001e+00,4.104708589018546627e+05,7.047827431600933196e+05,5.103150714396555486e+03,5.507204324897754688e+00
8.363636363636364024e+01,7.277874242081493605e+01,2.765231182703207669e+00,1.733753682753686221e+01,2.278899769792178814e-03,8.417757671186025803e-01,1.887831426620911079e+00,2.645359745401851814e+00,4.691051933533429401e+05,7.039968060558243887e+05,4.123992752775041481e+03,4.949757891912446972e+00,2.765241963799368374e+00,1.726882495139952667e+01,2.278908703801035308e-03,8.417783792254707187e-01,1.887794395224561494e+00,2.645059305280402118e+00,4.463439172522314475e+05,7.058853655446614139e+05,4.476474344644346274e+03,4.949902183132925515e+00
8.454545454545454675e+01,1.064587971028130085e+02,3.212806042115205596e+00,3.637384488084970258e+01,2.782955504610028497e-01,6.847328605936252588e-01,2.524740077391746329e+00,3.596172486066433471e+00,5.586732457927807700e+05,5.461185793669468258e+05,5.331250013798953660e+03,5.387681922865268369e+00,3.211512630035457949e+00,3.492777789980387126e+01,2.782344757760102927e-01,6.837162106233197756e-01,2.525750127730194805e+00,3.596498258799927239e+00,4.704832439324061852e+05,5.259205067002045689e+05,5.290465067026168072e+03,5.402377321682950928e+00
8.545454545454545325e+01,9.658150976771730711e+01,3.107650202375719317e+00,3.015190604599592561e+01,2.786908726397483438e-01,3.142152677365525615e-01,2.126410562376583879e+00,3.448168474474782030e+00,9.057256221381712239e+05,7.680504504404735053e+05,6.138401593157044772e+03,5.476691304038296515e+00,3.107645856217092550e+00,3.171237736172431809e+01,2.786902834643260607e-01,3.142152765023737415e-01,2.126447924139196921e+00,3.448123702082835251e+00,8.831324010648025433e+05,7.794614054525658721e+05,6.204036123293790297e+03,5.476709410026895597e+00
8.636363636363635976e+01,8.896151794592020678e+01,3.068158560907375154e+00,2.476801221827512833e+01,1.689120927106344816e-01,4.654252847527484693e-01,2.284607514107324100e+00,3.552594311590445919e+00,7.590101867952503962e+05,5.652354418831800576e+05,4.409708976497531694e+03,4.916886095615899066e+00,3.068201092801402297e+00,2.476871671774560468e+01,1.688959472460495603e-01,4.654386242595526246e-01,2.284785829032378146e+00,3.552634194766343345e+00,7.690623413635038305e+05,6.237951192405500915e+05,4.701683006442051919e+03,4.917267636378131357e+00
8.727272727272726627e+01,1.002872492281860985e+02,2.914706616184586707e+00,2.704492193318298376e+01,1.931004756193800687e-01,4.803303061893707815e-01,2.522212958672335859e+00,3.245671380699439279e+00,7.888628360929579940e+05,7.042724726294912398e+05,5.600188946188106456e+03,4.986755683664989114e+00,2.912401790404079094e+00,2.723517562395164404e+01,1.925944234322366777e-01,4.845483182859930960e-01,2.521684971098599348e+00,3.247388382204986268e+00,7.665343673842094140e+05,7.401350000877302373e+05,5.373437480277710165e+03,4.996117922949766310e+00
8.818181818181817277e+01,7.526101428032092144e+01,2.317845752665403491e+00,3.462468607642139062e+01,1.390962527459554676e-01,6.768945786675862886e-01,2.227188823045228805e+00,3.544669451163592555e+00,6.114517457855588291e+05,7.916362576860713307e+05,7.063687180214635191e+03,5.754516000293040001e+00,2.317814601553021436e+00,3.484235569362114404e+01,1.391020235008296191e-01,6.768942083168743018e-01,2.227188794817312800e+00,3.544667116943376772e+00,6.419658757199728861e+05,7.749657699727780418e+05,7.085352176902673818e+03,5.754700568930501525e+00
8.909090909090909349e+01,8.556467305775757382e+01,3.211206305166057984e+00,2.270576628286617904e+01,1.907263574613776713e-01,5.068212820316250200e-01,1.810905139839150468e+00,3.228529053370082558e+00,3.813832998150229687e+05,3.363373285377329448e+05,5.250509908578758768e+03,5.633619538335480570e+00,3.211205076780740963e+00,2.403462456631346811e+01,1.907263466013566500e-01,5.068212925044500716e-01,1.810908150833992369e+00,3.228532640458311676e+00,3.164141447364246123e+05,3.323106489086041111e+05,5.454019881799317773e+03,5.633621023898127689e+00
9.000000000000000000e+01,8.102034441551370492e+01,2.789480713234930853e+00,2.438254239807845281e+01,8.962119961898377951e-02,8.873526991839677525e-01,2.134778266812111358e+00,2.827574410999172283e+00,5.072010922196528991e+05,6.703647138238972984e+05,6.562214355842570512e+03,5.263548650537525297e+00,2.787738257230942818e+00,2.498614651009752308e+01,8.975809366271493561e-02,8.864513370136584136e-01,2.136260608534354510e+00,2.827717652324907238e+00,5.004750659878771403e+05,6.718816680543288821e+05,6.851068322527316923e+03,5.211491970735814050e+00
9.090909090909090651e+01,7.974622162189324115e+01,2.601904393514598457e+00,2.157713613833885091e+01,9.232546862906289287e-02,5.449042628402382960e-01,2.175603845567355421e+00,3.221778240214088207e+00,6.493289165584129514e+05,7.028975020569612971e+05,3.870556502726305098e+03,4.896425218393736678e+00,2.601733976681170013e+00,2.162870090037120718e+01,9.232656478504334963e-02,5.448751615596726383e-01,2.176511322176736485e+00,3.222148582745625767e+00,7.030756432263816241e+05,7.105950497112123994e+05,3.524509636860746923e+03,4.896782364389951958e+00
9.181818181818181301e+01,9.323626887316552825e+01,2.072068982632246925e+00,3.390769409015342717e+01,7.807511851546783399e-02,8.881671924332978918e-01,2.788158601602400921e+00,3.584259747280073682e+00,6.675297577867036453e+05,9.443744315516194329e+05,2.106994866104724224e+03,4.758511698488093522e+00,2.072587710509641301e+00,3.523161260364449987e+01,7.808000331574578567e-02,8.909862525464139482e-01,2.795077259029707495e+00,3.583737873471873669e+00,6.329253878871034831e+05,9.643380333440129180e+05,2.012650607599418208e+03,4.757227370717109771e+00
9.272727272727271952e+01,8.199841953385811166e+01,3.929174667213070293e+00,1.931645549399635087e+01,1.417184694889640495e-01,4.115401325925237552e-01,1.953748167129217617e+00,3.018307991801234103e+00,6.114645827849364141e+05,4.076967717651661951e+05,4.810226548194197676e+03,4.640880095549098527e+00,3.929564849819149774e+00,1.933276620743248131e+01,1.417267557958605817e-01,4.118238564252630907e-01,1.954676288824112707e+00,3.017681622485502313e+00,6.448655908305892954e+05,4.073702879246420343e+05,4.844406522211493211e+03,4.642145725734605932e+00
9.363636363636364024e+01,8.000277047415578124e+01,2.352613840173924498e+00,1.946682549193462464e+01,1.018453505528966047e-01,3.329049848048370452e-01,2.319799479994906655e+00,3.726832627446084789e+00,6.112417100551245967e+05,9.295931515968090389e+05,5.478611819505515086e+03,5.654039115754836864e+00,2.352712518425161825e+00,1.951372721697000756e+01,1.018374252357221732e-01,3.328041239678099505e-01,2.321494269504774444e+00,3.728529700311286721e+00,6.300493654830550076e+05,9.691288230189515743e+05,5.207699679262616883e+03,5.653732421741634262e+00
9.454545454545454675e+01,9.555052607005336540e+01,2.701840663385187913e+00,3.687689787048574885e+01,1.788319197781850223e-01,7.039100077377810072e-01,2.695091375434919279e+00,3.526686253422327333e+00,3.855890252597149811e+05,8.235991026588464156e+05,7.843407710575834244e+03,5.771208950492858314e+00,2.701508354781758214e+00,3.697616476835211330e+01,1.788335235884553898e-01,7.039175366153601621e-01,2.696336009912723153e+00,3.526155853237635807e+00,3.831316787777431891e+05,7.982147236387158046e+05,8.034696910755901627e+03,5.771445898893483140e+00
9.545454545454545325e+01,9.317040295975370157e+01,2.627483651768740991e+00,3.014130379322656950e+01,1.581631588982864711e-01,5.350111598123443724e-01,2.560970174899081186e+00,3.494981296328625753e+00,6.987597478537078714e+05,8.571805942479168298e+05,2.694933275671975480e+03,4.820022603012112938e+00,2.627483583072153461e+00,3.089051069264009186e+01,1.581631629803962880e-01,5.350116502773087923e-01,2.560970397764593898e+00,3.494981360016929273e+00,7.004487376712539699e+05,8.916597141647165408e+05,2.942434566919174358e+03,4.820023482058432229e+00
9.636363636363635976e+01,1.078918561339127677e+02,4.024716053069921529e+00,2.207625597287894692e+01,1.764556463942033582e-01,4.788328158826968828e-01,2.125706165092396738e+00,3.896483727479425507e+00,1.603466329531010706e+05,8.838039662171364762e+05,6.024132724968873845e+03,5.893964694114855796e+00,4.024703658939399631e+00,2.173303375773758361e+01,1.764558133440528587e-01,4.788335887922881007e-01,2.125713884187209413e+00,3.896476077659798865e+00,1.351221951613716665e+05,8.226800150759631069e+05,5.869869614904604532e+03,5.893965416301855775e+00
9.727272727272726627e+01,8.073264028439017181e+01,2.740851604704657163e+00,2.829005574850863525e+01,8.058707616807965490e-02,9.602741743055761559e-01,2.247869865406912471e+00,3.374965926799866178e+00,7.078730284145066980e+05,8.892592521170324180e+05,6.539202545349878164e+03,5.355917140581587965e+00,2.729183325690571760e+00,2.828714582203951267e+01,8.042233945782105431e-02,9.592558733006124605e-01,2.243652814017035091e+00,3.341384435760627269e+00,7.284048941780846799e+05,9.053852690137650352e+05,6.408244009282409934e+03,5.355054301243263204e+00
9.818181818181817277e+01,9.857978729082267932e+01,3.109734590888019401e+00,2.835218962969834422e+01,1.697762992137022975e-01,5.220777172439172720e-01,2.673781212824127618e+00,4.018554790765875850e+00,7.182378249277295545e+05,8.418986394248839933e+05,8.138080102971418455e+03,5.245483376134118636e+00,3.110404331926965416e+00,2.829039525470433603e+01,1.697871357886397981e-01,5.221243133158272043e-01,2.677197705409542383e+00,4.017725359057710222e+00,6.725385898790402571e+05,8.781616169337099418e+05,8.248797847571813691e+03,5.243975604285835423e+00
9.909090909090909349e+01,7.556117139960852569e+01,2.836143493149855921e+00,2.343821065087211863e+01,6.367594967157957919e-02,9.529740155983632555e-01,1.874261991932141713e+00,3.361872937660438154e+00,4.177543395360454451e+05,5.122735626938982168e+05,1.765341751517309149e+03,5.000394985241657153e+00,2.836140904800940277e+00,2.355830889851739585e+01,6.363854987478341496e-02,9.529841717509913712e-01,1.874448496079565096e+00,3.361878916937525386e+00,4.819853905938998796e+05,5.327578367477792781e+05,1.887489800769965314e+03,5.000403484938147791e+00
1.000000000000000000e+02,8.500544533396562485e+01,2.272423703806321971e+00,2.616695289363000043e+01,1.137474061022191452e-01,5.247196965891179898e-01,2.681718478515557447e+00,3.615233442525359830e+00,5.210318049176710774e+05,8.203976784778285073e+05,7.479197919063153677e+03,5.529268492809919167e+00,2.272424066590099656e+00,2.591167972087835381e+01,1.137473411630521430e-01,5.247196588759540647e-01,2.681719340204967050e+00,3.615230554152335074e+00,5.292079605880207382e+05,8.061750521330581978e+05,7.525607155428151600e+03,5.529753353180461239e+00
Synthetic Data/h1n1/h1n1 with 0.0 noise.csv
Synthetic Data/h5n1/h5n1 with 0.0 noise.csv
